0,0,2,0,0,0,0,0,0,0,0,2,0,0,0,0,0,1,0,0,0,0,0,0,0,0,0,0,0,0
0,0,0,0,1,0,0,0,0,0,0,0,0,0,0,0,0,0,0,0,0,0,0,0,0,2,1,0,0,0
0,0,1,0,5,0,1,0,0,0,0,4,0,0,0,0,0,4,0,3,1,0,4,0,0,5,0,0,0,0
0,0,0,0,0,2,0,0,0,0,0,0,0,0,0,0,0,2,0,3,0,0,3,0,0,2,0,0,0,0
0,0,0,0,3,1,2,0,0,1,0,0,0,1,0,0,0,4,0,1,0,0,1,0,0,1,0,0,0,1
0,5,5,2,0,1,1,0,0,0,0,0,0,0,0,0,0,2,0,0,0,0,0,0,0,0,0,0,0,0
0,2,0,0,2,5,5,0,0,2,1,0,0,0,0,0,0,0,0,1,0,1,0,0,0,0,0,0,0,0
0,1,2,0,1,1,2,0,0,1,1,0,3,0,0,0,0,1,0,2,0,0,1,0,0,0,1,0,1,0
0,6,0,0,0,1,4,1,0,1,2,0,2,1,0,0,0,1,0,2,0,2,0,0,0,0,0,0,5,0
0,6,0,0,1,12,8,0,0,3,1,1,9,0,0,0,0,1,0,0,0,9,0,0,0,0,0,0,7,0
0,2,1,0,0,0,1,0,0,0,3,1,2,0,0,0,0,3,0,0,0,0,0,0,0,0,2,0,0,0
1,2,0,0,0,7,0,0,0,1,0,0,4,0,0,0,0,0,0,0,0,0,0,0,0,0,2,0,0,0
1,0,0,0,2,1,0,0,0,0,0,2,4,0,0,0,0,0,0,0,0,1,0,0,0,0,0,0,0,0
2,0,0,1,0,0,1,0,0,0,0,2,0,0,0,0,0,0,0,2,0,0,0,0,0,0,1,0,0,0
0,0,0,0,0,1,2,0,0,0,0,0,0,1,0,0,0,1,0,0,0,0,1,0,0,0,1,0,0,0
0,0,0,0,1,0,1,0,0,0,0,1,0,0,0,0,0,1,0,0,0,0,1,0,0,0,0,0,0,0
0,0,0,0,2,0,1,0,0,0,0,0,0,0,0,2,0,2,0,1,0,0,1,0,0,1,2,2,0,1
0,0,0,1,0,0,0,0,0,0,0,0,0,0,1,1,0,0,0,4,0,0,1,2,0,0,0,0,0,2
0,0,0,0,1,0,0,0,0,0,0,0,0,0,0,0,0,1,3,1,0,0,0,0,0,0,1,1,0,0
0,0,1,0,2,0,1,0,0,0,0,1,0,0,0,0,0,0,0,1,0,0,0,0,0,3,1,0,0,0
0,0,0,0,1,0,0,0,0,0,0,2,0,0,0,0,0,1,0,0,0,0,0,0,0,1,1,1,0,0
0,0,0,0,0,0,0,0,0,0,0,1,0,2,0,0,0,0,0,0,0,0,0,0,0,2,1,0,0,1
0,0,0,2,0,0,1,0,0,0,0,1,0,0,0,0,0,3,0,1,0,0,0,0,0,0,0,1,0,0
0,0,0,0,1,0,0,0,0,0,0,1,0,0,0,0,0,0,0,2,0,0,2,0,0,3,1,0,0,0
0,0,1,0,0,0,0,0,0,0,0,1,0,1,0,0,0,1,0,2,0,0,0,0,0,0,0,0,0,0
0,1,0,0,0,0,0,0,0,0,1,4,0,0,0,0,0,1,0,2,0,0,2,0,0,2,0,0,0,0
0,2,0,0,2,2,1,0,0,0,1,3,0,0,0,0,0,0,0,2,0,0,0,1,0,0,0,0,0,0
0,0,0,0,0,0,2,0,0,0,0,0,0,0,0,0,0,1,0,0,0,0,0,0,0,0,0,0,0,0
0,0,0,0,0,0,0,0,0,0,0,1,0,0,0,0,0,0,0,0,0,0,0,0,0,1,0,0,0,0
0,0,0,0,1,0,1,0,0,0,0,0,0,0,0,0,0,0,0,1,0,0,0,0,0,0,1,0,0,0
0,0,0,0,1,0,2,0,0,0,0,0,0,0,0,0,0,1,0,2,0,0,0,0,0,0,0,0,0,0
0,0,0,1,1,0,0,0,0,0,0,1,0,0,0,0,0,1,0,1,0,0,0,0,0,0,0,0,0,0
0,0,0,0,0,0,0,0,0,0,0,0,0,0,0,0,1,0,0,0,0,0,0,0,0,0,0,0,0,0
0,0,0,0,1,0,0,0,0,0,0,0,0,0,0,0,0,1,0,1,0,0,0,0,0,3,0,0,0,0
0,0,0,0,0,0,1,0,0,0,0,1,0,0,0,0,0,0,0,0,0,0,0,0,0,0,0,0,0,0
0,0,0,0,0,0,2,0,0,0,0,0,0,0,0,0,0,0,0,0,0,2,0,0,0,0,1,0,0,1
0,0,0,0,0,0,1,0,0,0,0,1,0,0,0,0,0,0,2,1,0,0,0,0,0,0,0,0,0,0
0,0,0,0,0,0,0,0,0,0,0,0,0,0,0,0,0,2,0,0,0,0,0,0,0,0,0,0,0,0
2,0,0,0,1,0,3,1,0,0,0,1,0,0,0,0,0,0,0,2,0,0,0,0,0,1,3,0,0,1
1,0,0,0,2,0,0,0,0,0,0,0,0,0,0,0,0,1,0,0,0,0,0,0,0,0,0,0,0,0
0,0,0,2,1,0,0,0,0,1,0,0,0,0,0,0,0,0,0,0,0,0,0,0,1,0,0,1,0,0
1,0,0,0,1,0,1,0,0,0,0,0,0,0,0,0,0,0,0,1,0,0,0,0,0,0,3,0,0,0
1,0,0,0,1,0,1,0,0,4,0,0,0,0,0,0,0,0,0,0,0,0,0,0,0,0,0,0,0,1
0,0,0,0,0,0,0,0,0,0,0,0,0,0,0,0,0,0,0,1,0,0,0,0,0,0,0,1,0,0
0,0,0,0,0,0,1,0,0,0,0,0,0,0,0,0,0,2,0,4,0,0,0,0,0,0,0,0,0,0
0,0,0,0,1,0,1,0,0,0,0,1,0,0,2,0,0,1,0,1,0,0,0,0,0,0,2,0,0,0
0,0,0,1,2,0,0,0,0,0,0,0,0,0,1,0,1,3,0,1,1,0,0,2,1,0,1,1,0,2
0,0,0,0,2,0,3,0,0,1,0,0,0,0,0,0,3,0,0,0,0,0,1,0,1,0,3,2,0,2
0,0,0,1,4,0,0,0,17,0,0,0,0,0,7,4,2,4,13,1,0,0,3,19,1,0,3,1,0,1
0,0,0,4,5,0,1,1,17,0,0,0,0,0,18,12,7,2,16,6,0,0,5,22,6,4,1,3,0,0
0,0,0,19,5,0,2,1,33,1,0,0,0,0,34,44,24,5,45,3,5,0,12,40,30,10,1,5,0,2
0,0,0,5,6,0,2,1,35,2,0,3,0,0,50,57,5,1,56,1,22,0,10,54,16,15,5,5,0,0
0,0,1,16,6,0,3,4,42,7,1,1,0,3,29,58,12,0,54,3,30,0,19,46,20,23,3,10,0,0
2,0,0,7,5,0,1,3,20,14,1,1,0,4,15,52,4,1,48,7,25,0,30,44,19,32,4,8,0,1
1,0,1,16,4,0,2,6,19,9,2,2,0,5,20,51,4,1,48,6,20,0,28,25,9,40,4,8,2,0
2,0,5,15,3,0,0,7,21,11,0,2,0,10,33,33,8,3,36,3,23,0,42,36,13,41,6,17,0,3
1,0,4,11,1,2,0,0,28,14,0,9,0,4,49,34,15,0,30,4,24,0,22,23,17,26,8,14,0,6
2,0,2,12,0,4,1,3,40,12,1,4,0,5,38,17,13,0,20,1,18,0,8,37,16,16,4,10,0,1
7,0,7,16,1,1,2,6,54,4,3,8,0,7,23,6,30,0,15,1,27,0,15,68,34,26,2,14,0,2
6,0,7,9,3,1,2,3,18,3,0,10,0,6,23,6,53,0,4,4,16,0,13,43,55,24,3,12,0,2
2,1,0,23,1,3,0,6,28,6,0,5,0,8,1,1,46,0,1,3,22,0,11,21,45,24,0,17,1,8
8,0,8,18,3,2,0,8,18,3,1,7,0,3,1,2,46,1,7,6,19,0,16,24,40,26,4,11,0,4
1,0,9,18,1,0,3,9,12,13,4,6,0,1,4,5,34,1,11,2,29,0,8,22,49,14,3,23,0,10
2,0,1,34,1,3,1,4,14,7,0,5,0,3,5,3,16,1,5,1,34,0,2,19,20,14,1,19,0,3
1,3,1,30,1,0,2,2,15,2,0,4,0,1,11,5,15,2,18,0,30,0,6,21,22,21,3,10,0,5
2,0,0,28,2,0,2,4,3,4,0,1,0,1,9,6,24,0,2,0,25,0,2,16,29,3,0,12,0,0
2,0,0,5,2,0,3,1,0,4,0,1,0,2,2,0,8,1,1,1,13,0,1,10,11,3,1,4,0,1
1,1,3,4,1,0,1,8,0,7,1,1,0,2,7,3,1,2,5,2,16,0,2,12,8,1,2,8,0,5
1,0,4,10,2,0,4,8,3,10,0,0,0,0,5,2,1,2,7,5,22,0,5,9,4,8,1,13,0,7
2,0,0,11,1,0,0,4,7,8,1,5,0,0,9,4,14,3,9,1,21,0,4,7,6,0,2,9,0,5
4,0,5,9,2,1,3,7,9,4,0,1,0,5,2,0,13,1,0,1,9,0,3,9,17,6,1,13,0,5
2,0,0,10,0,0,1,1,5,0,2,3,0,0,1,2,13,0,1,6,10,0,2,7,13,1,2,10,0,4
6,0,0,16,0,0,3,1,5,2,0,0,0,0,2,1,14,0,3,2,8,0,0,19,15,8,3,13,0,1
4,3,0,12,0,0,2,3,0,5,0,0,0,1,2,2,12,0,5,2,6,1,0,0,15,2,3,25,0,3
0,0,1,10,1,1,3,4,4,3,0,1,1,0,0,3,15,2,6,2,3,0,1,2,13,3,1,14,0,2
2,0,0,2,0,1,3,1,0,6,1,2,0,1,2,0,4,0,0,1,2,0,0,3,7,4,1,13,0,5
0,1,2,7,0,0,1,5,0,4,1,0,0,2,2,3,10,2,0,9,1,0,1,2,18,3,4,19,0,0
0,0,2,4,1,1,1,25,1,25,0,1,2,2,0,0,13,1,0,2,0,0,0,0,11,2,1,14,0,2
2,1,4,4,1,8,2,40,0,18,0,0,6,0,0,0,2,0,0,2,0,0,0,1,4,1,0,15,0,3
0,0,0,2,1,3,5,39,0,30,0,0,4,1,0,0,6,0,0,0,1,0,0,0,7,1,0,9,0,4
0,2,0,1,0,1,1,22,0,29,0,0,0,0,0,0,2,0,0,3,0,0,0,1,6,0,1,2,0,2
0,0,0,2,2,0,0,4,0,4,1,0,0,0,0,0,18,2,0,0,0,0,1,1,12,4,0,1,0,5
0,0,0,0,0,0,1,1,0,6,0,1,1,1,0,0,3,2,0,1,0,0,0,0,9,0,2,0,0,1
0,0,1,0,1,0,1,1,0,3,0,1,1,0,0,0,0,1,0,2,0,0,1,0,0,0,1,0,0,1
1,0,1,0,1,0,0,1,0,0,0,1,0,0,0,0,0,1,0,1,0,0,2,0,0,1,1,1,0,2
0,0,0,0,1,0,0,0,0,0,1,1,0,0,0,0,0,1,0,0,0,0,0,0,0,2,0,0,0,0
0,2,0,0,0,0,4,0,0,0,0,3,0,0,0,0,0,2,0,3,0,0,1,0,0,1,0,0,0,0
0,0,0,0,1,0,0,0,0,0,2,0,0,1,0,0,0,0,0,1,0,0,0,0,0,0,0,0,0,1
0,0,3,0,0,0,1,0,0,0,0,0,0,0,0,0,0,0,0,2,0,0,0,0,0,2,0,1,0,1
0,0,0,0,0,0,1,0,0,0,0,0,0,0,0,0,0,2,0,0,0,0,0,0,0,0,0,0,0,0
0,0,0,0,0,0,1,0,0,0,0,1,0,0,0,0,0,0,0,2,0,0,0,0,0,0,2,0,0,1
0,3,1,0,1,0,1,0,0,0,2,1,0,0,0,0,0,2,0,3,0,0,2,0,0,2,1,0,0,0
0,0,0,0,0,0,1,0,0,0,3,0,0,0,0,0,0,0,0,3,0,0,0,0,0,0,0,0,0,0
0,0,2,0,0,0,2,0,0,1,7,1,0,0,0,0,0,0,0,1,0,0,0,0,0,1,3,0,0,1
0,0,6,0,0,0,2,0,0,0,8,0,0,0,0,0,0,0,0,1,0,0,1,0,0,6,0,0,0,3
0,3,0,0,0,0,0,0,0,0,4,0,0,0,0,0,0,1,0,0,0,0,0,0,0,3,0,0,0,0
0,0,3,0,0,0,1,0,0,0,1,0,0,0,0,0,0,0,0,0,0,0,0,0,0,3,0,0,0,0
0,0,0,0,0,0,0,0,0,0,0,0,0,0,0,0,0,1,0,0,0,0,2,0,0,2,0,0,0,1
1,0,0,0,0,0,1,0,0,0,0,0,0,0,2,0,0,1,0,1,0,0,0,0,0,0,4,0,0,0
0,0,0,0,1,0,0,0,0,0,0,0,0,0,0,0,0,0,0,0,0,0,0,0,0,0,0,0,0,0
0,0,0,0,0,0,0,0,0,0,0,1,0,0,0,0,0,0,0,0,0,0,0,0,0,0,0,0,0,0
2,0,0,0,0,0,1,0,0,0,0,2,0,0,0,0,0,1,0,1,0,0,0,0,0,0,1,0,0,0
0,0,0,0,0,0,0,0,0,0,0,0,0,0,0,0,0,1,1,0,0,0,0,0,1,0,2,0,0,0
0,0,0,0,1,0,0,0,0,1,0,0,0,0,0,0,0,2,0,0,0,0,0,0,0,0,3,0,0,0
0,0,0,1,0,0,2,0,0,0,0,0,0,0,0,0,0,0,0,0,0,0,0,0,0,0,1,1,0,0
0,0,0,0,0,0,0,0,0,0,0,0,0,0,0,0,0,0,0,0,0,0,0,0,0,0,2,0,0,1
0,0,0,0,0,0,0,0,0,0,0,1,0,0,0,0,0,0,0,0,0,0,0,0,0,0,0,0,0,2
1,0,0,0,1,0,1,0,0,0,0,0,0,0,0,0,0,1,0,0,0,0,0,0,0,0,0,0,0,0
2,0,0,0,1,0,0,0,0,0,0,0,0,0,0,0,0,2,0,0,0,0,0,1,0,0,0,0,0,0
0,0,0,0,0,0,0,1,0,0,0,0,0,0,0,0,0,3,0,1,0,0,0,0,0,0,0,0,0,0
1,0,0,0,1,0,0,0,0,0,0,1,0,0,0,0,0,2,0,0,1,0,0,0,0,0,0,0,0,1
0,0,0,0,2,0,0,0,0,0,0,0,0,0,0,0,0,3,0,1,0,0,0,0,0,0,0,0,0,0
0,0,0,0,0,0,1,0,0,0,0,0,0,0,0,0,0,0,0,0,0,0,0,0,0,0,0,0,0,0
0,0,0,0,0,0,0,0,0,0,0,0,0,0,0,0,0,0,0,1,0,0,0,0,0,0,0,0,0,1
0,0,0,0,0,0,0,0,0,0,0,1,0,0,0,0,0,0,0,0,0,0,0,0,0,0,0,0,0,0
0,0,0,0,1,0,1,0,0,0,0,0,0,0,0,0,0,1,0,0,0,0,0,0,0,0,1,0,0,0
0,0,0,0,0,0,0,0,0,0,0,2,0,0,0,0,0,1,0,0,0,0,0,0,0,0,1,0,0,0
0,3,1,0,0,4,1,0,0,0,4,0,1,0,0,0,0,0,0,0,0,1,0,0,0,0,0,0,2,0
0,0,0,0,0,0,2,0,0,0,0,0,0,0,0,0,0,1,0,0,0,0,0,0,0,0,4,0,0,0
0,0,0,0,2,0,0,0,0,0,0,1,0,0,0,0,0,1,0,0,0,0,0,0,0,1,0,0,0,0
1,0,0,0,1,0,0,0,0,0,0,1,0,0,0,0,0,1,0,1,0,0,0,0,0,0,0,0,0,0
0,0,0,0,1,0,1,0,0,0,0,0,0,0,0,0,0,1,0,1,0,0,0,0,0,0,0,0,0,0
0,0,0,0,1,0,0,0,0,0,0,2,0,0,0,0,0,1,0,0,0,0,0,0,0,0,1,0,0,0
0,0,0,0,0,0,1,0,0,0,0,1,0,0,0,0,0,0,0,0,0,0,0,0,0,1,0,0,0,0
0,0,0,0,0,0,0,0,0,0,0,0,0,0,0,0,0,0,0,0,0,0,0,0,0,0,1,0,0,0
0,0,0,0,0,0,0,0,0,0,0,1,0,0,0,0,0,0,0,2,0,0,0,0,0,1,2,0,0,0
0,0,0,0,0,0,0,0,0,0,0,0,0,0,0,0,0,0,0,1,0,0,0,0,0,0,2,0,0,1
0,0,0,1,0,0,0,0,0,0,0,0,0,0,0,0,0,0,0,0,0,0,0,0,0,0,0,1,0,0
0,0,0,0,0,0,1,0,0,0,0,1,0,0,0,0,0,0,0,1,0,0,0,0,0,0,0,0,0,1
0,0,0,0,0,0,2,0,0,0,0,0,0,0,0,0,0,0,0,0,0,0,0,0,1,0,2,0,0,1
0,0,0,0,0,0,1,0,0,0,0,0,0,0,0,0,0,0,0,1,0,0,0,0,0,0,0,0,0,0
0,0,0,0,1,0,0,0,0,0,0,0,0,0,0,0,0,0,0,0,0,0,0,0,0,0,1,0,0,0
1,0,0,0,0,0,0,0,0,0,0,0,0,0,0,0,0,1,0,0,0,0,0,0,0,0,1,0,0,0
0,0,0,0,0,0,1,0,0,0,0,0,0,0,0,0,0,0,0,0,0,0,0,0,0,1,0,0,0,0
0,0,0,0,0,0,2,0,0,0,0,0,0,1,0,0,0,0,0,1,0,0,0,0,0,0,1,0,0,1
0,0,0,0,0,0,0,0,0,0,0,0,0,0,0,0,0,1,0,0,0,0,0,0,0,0,2,0,0,2
0,0,0,0,0,0,2,0,0,0,0,2,0,0,0,0,0,0,0,0,0,0,0,0,0,1,1,0,0,0
0,0,0,0,0,0,1,0,0,0,0,0,0,0,0,0,0,1,0,0,0,0,0,0,0,0,1,0,0,0
0,0,0,0,0,0,0,0,0,0,0,0,0,0,0,0,0,1,0,0,0,0,0,0,0,0,0,0,0,0
0,0,0,0,0,0,1,0,0,0,0,1,0,0,0,0,0,0,0,0,0,0,0,0,0,0,2,0,0,0
0,0,0,0,0,0,0,0,0,0,0,0,0,0,0,0,0,0,0,3,0,0,0,0,0,0,0,0,0,0
0,0,0,0,0,0,2,0,0,0,0,0,0,0,0,0,0,0,0,0,0,0,0,0,0,1,1,0,0,0
1,0,0,0,0,0,0,0,0,0,0,0,0,0,0,0,0,0,0,2,0,0,0,0,0,0,0,0,0,0
0,0,1,0,0,0,1,0,0,0,0,0,0,0,0,0,0,1,0,1,0,0,0,0,0,0,1,0,0,0
0,0,0,0,0,0,0,0,0,0,0,1,0,0,0,0,0,0,0,0,0,0,0,0,0,0,1,0,0,0
0,0,0,0,0,0,1,0,0,0,0,0,0,0,0,0,0,0,0,1,0,0,0,0,0,0,0,0,0,2
0,0,0,0,0,0,0,0,0,2,0,0,0,0,0,0,0,2,0,2,0,0,0,0,0,0,1,0,0,0
0,0,0,0,0,0,0,0,0,0,0,0,0,0,0,0,0,1,0,1,0,0,0,0,0,0,2,0,0,2
0,0,0,0,0,0,0,0,0,0,0,0,0,0,0,0,0,3,0,2,0,0,0,0,0,1,0,0,0,0
0,0,0,0,0,0,0,0,0,0,0,0,0,0,0,0,0,1,0,1,0,0,0,0,0,0,1,0,0,1
0,0,0,0,0,0,1,0,0,0,0,0,0,0,0,0,0,0,0,0,0,0,0,0,0,0,0,0,0,0
0,0,0,0,0,0,2,0,0,0,0,0,0,0,0,0,0,0,0,1,0,0,0,0,0,1,1,0,0,1
0,0,0,0,0,0,0,0,0,0,0,0,0,0,0,0,0,2,0,0,0,0,0,0,0,0,0,0,0,0
0,1,0,0,2,1,1,0,0,0,0,0,0,0,0,0,0,0,0,0,0,0,0,0,0,0,0,0,0,0
0,0,0,0,1,0,1,0,0,0,0,0,0,0,0,0,0,0,0,0,0,0,0,0,0,0,0,0,0,1
0,0,0,0,0,0,2,0,0,0,0,1,0,0,0,0,0,0,0,0,0,0,0,0,0,0,0,0,0,1
0,0,0,0,0,0,1,0,0,0,0,0,0,0,0,0,0,0,0,0,0,0,0,0,0,0,0,0,0,0
0,0,0,0,0,0,0,0,0,0,0,0,0,0,0,0,0,0,0,0,0,0,0,0,0,0,1,0,0,0
0,0,0,0,0,0,5,0,0,0,0,1,0,0,0,0,0,3,0,3,0,0,0,0,0,0,1,0,0,0
0,0,0,0,1,1,1,0,0,0,0,1,0,0,0,0,0,1,0,0,0,0,0,0,0,0,1,0,0,0
1,0,0,0,0,0,0,0,0,0,0,0,0,0,0,0,0,0,0,0,0,0,0,0,0,0,1,0,0,1
2,0,0,0,0,0,1,0,0,0,0,0,0,0,0,0,0,0,0,0,0,0,0,0,0,0,0,0,0,0
0,0,0,0,0,0,1,0,0,0,0,0,0,0,0,0,0,1,0,0,0,0,0,0,0,0,0,0,0,1
1,0,0,0,0,0,1,0,0,0,0,0,0,0,0,0,0,0,0,0,0,0,0,0,0,0,1,0,0,2
0,0,0,0,0,0,0,0,0,0,0,0,0,0,0,0,0,0,0,0,0,0,0,0,0,0,1,0,0,2
1,0,0,0,0,0,0,0,0,0,0,0,0,1,0,0,0,1,0,3,0,0,0,0,0,0,0,0,0,1
0,0,0,0,0,0,0,0,0,0,0,1,0,0,0,0,0,1,0,0,0,0,0,0,0,0,1,0,0,3
0,0,0,0,0,0,0,0,0,0,0,0,0,0,0,0,0,0,0,0,0,0,0,0,0,0,2,0,0,2
0,0,0,1,1,0,0,0,0,0,0,1,0,0,0,0,0,1,0,0,0,0,0,0,0,0,1,0,0,0
0,0,0,0,0,0,0,0,0,0,0,0,0,0,0,0,0,0,0,0,0,0,0,0,0,0,0,0,0,0
0,0,0,0,0,0,0,0,0,0,0,1,0,0,0,1,0,2,0,2,0,0,0,0,0,1,1,0,0,2
0,0,0,0,1,0,1,0,0,0,0,1,0,0,0,0,0,1,0,0,0,0,0,0,0,0,1,0,0,0
0,0,0,0,1,0,1,0,0,0,0,0,0,0,0,0,0,0,0,0,0,0,0,0,0,0,2,0,0,1
0,0,0,0,2,0,0,0,0,0,0,1,0,0,0,0,0,1,0,0,0,0,0,0,0,0,0,0,0,0
0,0,0,0,0,0,0,0,0,0,0,3,0,0,0,0,0,1,0,0,0,0,0,0,0,0,3,0,0,0
0,0,0,0,0,0,0,0,0,0,0,0,0,0,0,0,0,0,0,0,0,0,0,0,0,0,0,0,0,2
0,0,0,0,0,0,0,0,0,0,0,1,0,0,0,0,0,1,0,1,0,0,0,0,0,0,0,0,0,0
0,0,0,0,0,0,1,0,0,0,0,0,0,0,0,0,0,0,0,0,0,0,0,0,0,0,2,0,0,0
0,0,0,0,0,0,1,0,0,0,0,0,0,0,0,0,0,0,0,1,0,0,0,0,0,0,1,0,0,0
0,0,0,0,0,0,1,0,0,0,0,0,0,0,0,0,0,0,0,0,0,0,0,0,0,0,0,0,0,0
1,0,0,0,1,0,1,0,0,0,0,0,0,0,0,0,0,2,0,0,0,0,0,0,0,0,1,0,0,1
0,0,0,0,0,0,2,0,0,0,0,0,0,0,0,0,0,0,0,0,0,0,0,0,0,0,1,0,0,0
0,0,0,0,1,0,1,0,0,0,0,1,0,0,1,0,0,4,0,3,0,0,0,0,0,1,2,0,0,3
0,0,0,0,1,0,0,0,0,2,0,0,0,0,0,0,0,1,0,0,0,0,0,0,0,0,0,0,0,0
0,0,0,0,2,0,1,0,0,0,0,0,0,0,0,0,0,0,0,0,0,0,0,0,0,0,0,0,0,0
0,0,0,0,1,0,0,0,0,0,0,0,0,0,0,0,0,1,0,0,0,0,0,0,0,0,0,0,0,0
0,0,0,0,1,0,0,0,0,0,0,1,0,0,0,0,0,0,0,0,0,0,0,0,0,0,0,0,0,0
0,0,0,0,0,0,0,0,0,0,0,0,0,0,0,0,0,0,0,0,0,0,0,0,0,0,0,0,0,0
1,0,0,0,0,0,0,0,0,0,0,0,0,0,0,0,0,0,0,0,0,0,0,0,0,1,0,0,0,0
0,0,0,0,0,0,1,0,0,0,0,0,0,0,0,0,0,0,0,0,0,0,0,0,0,1,0,0,0,0
0,0,0,0,1,0,2,0,0,0,0,1,0,0,0,0,0,1,0,0,0,0,0,0,0,0,0,0,0,0
0,0,0,0,0,0,0,0,0,0,0,0,0,0,0,0,0,0,0,2,0,0,0,0,0,0,0,0,0,1
0,1,0,0,0,0,2,0,0,0,0,0,0,0,0,0,0,0,0,2,0,0,0,0,0,0,0,0,0,0
0,0,0,0,0,0,0,0,0,0,0,1,0,0,0,0,0,2,0,0,0,0,0,0,0,0,2,0,0,0
0,0,0,0,0,0,3,0,0,0,0,0,0,0,0,0,0,0,0,3,0,0,0,0,0,0,1,1,0,0
0,0,0,0,0,0,1,0,0,0,0,0,0,0,0,0,0,1,0,0,0,0,0,0,0,0,1,0,0,0
1,0,0,0,0,0,1,0,0,0,0,1,0,0,0,0,0,1,0,0,1,0,0,0,0,0,1,0,0,0
1,0,0,0,0,0,1,0,0,0,0,0,0,0,0,0,0,0,0,0,0,0,0,0,0,0,0,0,0,0
0,0,0,0,0,0,0,0,0,0,0,0,0,0,1,0,0,1,0,0,0,0,0,0,1,0,2,1,0,0
0,1,0,0,0,0,1,0,0,0,0,0,0,0,0,0,0,0,0,0,0,0,0,0,0,0,0,0,0,0
0,0,0,0,0,0,0,0,0,0,0,0,0,0,0,0,0,0,0,2,0,0,1,0,0,1,1,0,0,0
0,0,0,0,0,0,0,0,0,0,0,0,0,0,0,0,0,0,0,2,0,0,0,0,0,0,0,0,0,1
0,0,0,0,0,0,0,0,0,0,0,0,0,0,0,0,0,0,0,0,0,0,0,0,0,0,0,0,0,0
3,0,0,0,1,0,1,0,0,0,0,2,0,0,0,0,0,0,0,1,0,0,0,0,0,1,0,0,0,0
0,0,0,0,0,0,1,0,0,0,0,1,0,0,0,0,0,0,0,0,0,0,0,0,0,0,0,0,0,0
0,0,0,0,0,0,2,0,0,0,0,0,0,0,0,0,0,1,1,0,0,0,1,0,0,0,0,0,0,0
0,0,0,0,1,0,3,0,0,0,0,1,0,0,0,0,0,1,0,0,0,0,0,0,0,0,5,0,0,1
0,0,0,0,1,0,0,0,0,0,0,0,0,0,0,0,0,0,0,0,0,0,0,2,0,0,1,0,0,0
0,0,0,0,0,0,0,0,0,0,0,0,0,0,0,0,0,0,0,0,0,0,0,0,0,0,0,0,0,0
0,0,0,0,0,0,0,1,0,0,0,0,0,0,0,0,0,1,0,0,0,0,0,0,0,0,0,0,0,0
0,0,0,0,0,0,0,0,0,0,0,0,0,0,0,0,0,0,0,0,0,0,0,0,0,0,0,0,0,0
0,0,0,0,2,0,1,0,0,1,0,1,0,0,0,0,0,0,0,0,0,0,0,0,0,0,1,0,0,0
0,0,0,0,0,0,0,0,0,0,0,0,0,0,0,0,0,1,0,0,0,0,0,0,0,0,0,0,0,0
0,0,0,0,0,0,0,0,0,0,0,0,0,0,0,0,0,0,0,0,0,0,0,0,0,0,0,0,0,0
0,0,0,0,0,0,0,0,0,0,0,1,0,0,0,0,0,0,0,0,0,0,0,0,0,0,1,0,0,0
0,0,0,0,0,0,0,0,0,0,0,1,0,0,0,0,0,0,0,0,0,0,0,0,0,0,2,0,0,0
0,0,0,0,0,0,2,0,0,1,0,0,0,0,0,0,0,2,0,0,0,0,0,0,0,0,0,0,0,0
0,0,0,0,0,0,2,0,0,0,0,0,0,0,0,0,0,0,0,2,0,0,0,0,0,0,0,0,0,0
1,0,0,0,0,0,0,0,0,2,0,0,0,0,0,0,0,2,0,4,0,0,1,0,2,1,1,0,0,0
0,0,0,0,0,0,1,0,0,2,0,1,0,0,2,0,0,1,1,0,0,0,0,0,0,0,0,0,0,0
0,0,0,0,0,0,1,0,0,0,0,0,0,0,0,0,0,0,0,0,0,0,0,0,0,0,0,0,0,0
0,0,0,0,0,0,0,0,0,0,0,0,0,0,0,0,0,0,0,0,0,0,0,0,0,0,0,0,0,0
0,0,0,0,0,0,0,0,0,0,0,0,0,0,0,0,0,2,0,1,0,0,0,0,0,0,2,0,0,0
0,0,0,0,0,0,0,0,0,0,0,1,0,0,1,0,0,0,0,0,0,0,0,1,0,0,0,0,0,0
0,0,0,0,0,0,0,0,0,0,0,0,0,0,0,0,0,1,0,0,0,0,0,0,0,1,0,0,0,0
0,0,0,0,0,1,0,0,0,0,0,1,0,0,0,0,0,0,0,0,0,0,0,0,0,0,1,0,0,0
0,0,0,0,1,0,1,0,0,0,0,0,0,0,0,0,0,0,0,0,0,0,0,2,0,0,0,0,0,0
0,0,0,0,0,0,2,0,0,0,0,0,0,0,2,0,0,0,0,0,0,0,0,0,0,0,0,0,0,0
0,0,0,1,1,0,0,0,0,0,0,0,0,0,0,0,0,0,0,1,0,0,0,1,0,0,1,0,0,0
0,0,0,0,0,0,0,1,0,0,0,0,0,0,0,0,0,0,0,0,0,0,0,0,0,0,0,0,0,0
0,0,0,0,0,0,4,0,0,2,0,0,0,0,1,0,0,4,0,0,0,0,0,0,0,0,0,0,0,2
0,0,0,0,1,0,1,0,0,0,0,1,0,0,1,0,0,0,0,0,0,0,0,0,0,0,0,0,0,0
0,0,0,0,1,0,1,0,0,0,0,0,0,0,0,0,0,2,0,0,0,0,0,0,0,1,0,0,0,0
0,0,0,0,0,0,1,0,0,0,0,0,0,0,0,0,0,0,0,2,0,0,0,0,0,0,1,0,0,1
0,0,0,0,1,0,0,0,0,0,0,0,0,0,0,0,0,0,0,1,0,0,0,0,0,0,1,0,0,0
0,0,0,0,0,0,0,0,0,0,0,3,0,0,0,2,0,0,0,0,0,0,0,0,0,0,1,0,0,1
0,0,0,0,1,0,1,0,0,0,0,1,0,0,0,0,0,0,0,1,0,0,0,0,0,0,2,0,0,0
0,0,0,0,0,0,0,0,0,3,0,0,0,0,0,0,0,0,0,0,0,0,0,0,0,0,1,0,0,0
0,0,0,0,0,0,0,0,0,2,0,0,0,0,0,0,0,0,0,0,0,0,0,0,0,0,0,0,0,1
0,0,0,0,0,0,0,0,0,0,0,0,0,0,0,0,0,1,1,0,0,0,0,0,0,0,0,0,0,0
0,0,0,2,0,0,0,0,0,0,0,0,0,0,0,0,0,0,0,0,1,0,0,0,0,0,0,0,0,0
0,0,0,0,2,0,0,0,0,0,0,4,0,0,0,0,0,1,0,0,0,0,0,0,0,0,0,0,0,1
0,0,0,0,1,0,1,0,0,1,0,0,0,0,0,0,0,2,0,0,0,0,0,3,0,0,0,0,0,0
0,0,0,0,0,0,2,0,0,1,0,0,0,0,0,0,0,1,0,0,0,0,0,0,0,0,0,0,0,1
1,0,0,0,0,0,1,0,0,0,0,1,0,0,0,0,0,0,0,1,0,0,0,0,0,0,1,0,0,0
0,0,0,0,0,0,0,0,0,0,0,0,0,0,1,0,0,0,0,2,0,0,0,0,0,0,0,0,0,0
0,0,0,0,0,0,1,0,0,0,0,0,0,0,0,0,0,0,1,0,0,0,0,0,0,1,1,0,0,0
0,0,0,0,0,0,0,0,0,1,0,0,0,0,0,0,0,0,0,0,0,0,0,0,0,1,0,0,0,0
0,0,0,0,0,0,0,0,0,0,0,0,0,0,0,0,0,0,0,0,0,0,0,0,0,0,0,0,0,0
3,0,0,0,1,0,0,0,0,0,0,0,0,0,0,0,0,2,0,0,0,0,0,0,0,0,0,0,0,0
0,0,0,0,0,0,0,0,0,0,0,0,0,0,1,0,0,1,0,1,0,0,0,0,0,0,2,0,0,1
1,0,0,0,1,0,1,0,0,0,0,1,0,0,0,0,0,2,0,1,0,0,0,0,0,0,0,0,0,0
1,0,0,0,0,0,1,0,0,0,0,0,0,0,0,0,0,0,0,0,0,0,0,0,0,0,1,0,0,0
0,0,0,0,0,0,0,0,0,0,0,0,0,0,0,0,0,1,0,0,0,0,0,0,0,0,0,0,0,0
3,0,0,0,0,0,3,0,0,3,0,0,0,0,0,0,0,1,0,1,0,0,0,0,1,1,0,1,0,0
0,0,0,0,1,0,1,0,0,0,0,0,0,0,0,0,0,1,0,1,0,0,0,0,0,0,0,0,0,0
0,0,0,0,0,0,1,1,0,0,0,0,0,0,0,0,0,0,0,1,0,0,0,0,0,0,1,0,0,0
0,0,0,0,0,0,1,0,0,0,0,2,0,0,0,0,1,2,0,0,0,0,0,0,0,0,0,0,0,0
0,0,0,0,0,0,3,0,0,0,0,1,0,0,0,0,0,0,0,0,0,0,0,0,0,0,0,0,0,0
0,0,0,0,0,0,0,0,0,1,0,1,0,0,0,0,0,0,0,0,0,0,0,0,0,0,0,0,0,1
0,0,0,0,2,0,2,0,0,0,0,3,0,0,0,0,0,2,0,3,0,0,0,0,0,0,1,0,0,0
0,0,0,0,1,0,0,0,0,0,0,0,0,0,0,0,0,1,0,2,0,0,0,0,0,0,0,0,0,0
0,0,0,0,0,0,0,0,0,0,0,1,0,0,0,0,0,1,0,1,0,0,0,0,0,0,1,0,0,0
0,0,0,0,1,0,0,0,0,0,0,0,0,0,0,0,0,0,0,1,0,0,0,0,0,0,2,0,0,1
0,0,0,0,0,0,1,0,0,0,0,0,0,0,0,0,0,0,0,1,0,0,0,0,0,0,0,0,0,0
1,0,0,0,1,0,0,0,0,0,0,1,0,0,0,0,0,0,0,1,0,0,0,0,0,0,0,0,0,1
2,0,0,0,0,0,2,0,0,0,0,0,0,0,0,0,0,0,0,1,0,0,0,0,0,1,2,0,0,1
0,0,0,0,0,0,2,0,0,0,0,2,0,0,0,0,0,0,0,0,0,0,0,0,0,0,1,0,0,0
0,0,0,0,0,0,0,0,0,0,0,0,0,0,0,0,0,0,0,0,0,0,0,0,0,0,3,0,0,1
0,0,0,0,1,0,0,0,0,0,0,0,0,0,0,0,0,0,0,0,0,0,0,0,0,0,2,0,0,0
0,0,0,0,0,0,0,0,0,0,0,0,0,0,0,0,0,0,0,0,0,0,0,0,0,0,0,0,0,1
0,0,0,0,0,0,1,0,0,0,0,0,0,0,0,0,0,0,0,0,0,0,0,0,0,0,0,0,0,0
0,0,0,0,0,0,1,0,0,0,0,1,0,0,0,0,0,0,0,0,0,0,0,0,0,0,0,0,0,0
0,0,0,0,0,0,1,0,0,0,1,2,0,0,0,0,0,0,0,1,0,0,0,0,0,0,1,0,0,2
2,0,0,0,0,0,0,0,0,0,0,1,0,0,0,0,0,0,0,0,0,0,0,0,0,0,0,0,0,2
0,0,0,0,0,0,0,0,0,0,0,0,0,0,0,0,0,0,0,0,0,0,0,0,0,0,0,0,0,2
0,0,0,0,0,0,0,0,0,0,0,1,0,1,0,0,0,0,0,0,0,0,0,0,0,0,0,0,1,0
1,0,0,0,0,0,0,0,0,0,0,3,0,0,0,0,0,0,0,1,0,0,0,0,0,0,0,0,0,0
0,0,0,0,3,0,0,0,0,0,0,1,0,0,0,0,0,2,0,1,0,0,0,0,0,1,1,0,0,0
0,0,0,0,0,0,0,0,0,0,0,0,0,0,0,0,0,2,0,1,0,0,0,0,0,0,2,0,0,1
0,0,0,0,0,0,0,0,0,0,0,0,0,0,0,0,0,1,0,1,0,0,0,0,0,0,1,0,0,0
0,0,0,0,0,0,3,0,0,0,0,0,0,0,0,0,0,0,1,0,0,0,0,0,0,0,1,0,0,0
0,0,0,0,0,0,0,0,0,0,0,0,0,0,0,0,0,0,0,1,0,0,0,0,0,0,0,0,0,1
0,0,0,0,1,0,0,0,0,0,0,2,0,0,0,0,0,1,0,3,0,0,0,0,0,0,0,0,0,0
0,0,0,0,0,0,0,0,0,0,0,1,0,0,0,0,0,1,0,0,0,0,0,0,0,0,1,0,0,2
0,0,0,0,1,0,1,1,0,0,0,0,0,0,0,0,0,2,0,0,0,0,0,0,0,0,0,0,0,0
0,1,0,0,1,0,1,0,0,0,0,2,0,0,0,0,0,0,0,0,0,0,0,0,0,0,0,0,0,1
0,0,0,0,0,0,0,0,0,0,0,0,0,0,0,0,0,1,0,2,0,0,0,0,0,0,0,0,0,0
0,0,0,0,0,0,1,0,0,0,0,0,0,0,0,0,0,0,0,0,0,0,0,0,0,0,0,0,0,0
0,0,0,0,0,0,0,0,0,0,0,0,0,0,0,0,0,0,0,1,0,0,0,0,0,0,3,0,0,0
1,0,0,0,0,0,0,2,0,0,0,0,0,0,0,0,0,1,0,0,0,0,1,0,0,0,1,0,0,1
0,0,0,0,0,0,1,0,0,0,0,1,0,1,0,0,0,0,0,3,0,1,0,0,0,0,1,0,0,0
0,0,0,0,1,0,1,0,0,0,0,0,0,0,0,0,0,1,0,1,0,0,0,0,0,0,0,0,0,0
0,0,0,0,0,0,1,0,0,0,0,0,0,0,0,0,0,1,0,1,0,0,0,0,0,0,1,0,0,1
0,0,0,0,1,0,1,0,0,0,0,0,0,0,0,0,0,0,0,0,0,0,0,0,0,0,2,0,0,0
0,0,0,0,0,0,0,0,0,0,0,0,0,0,0,0,0,0,0,1,0,0,0,0,0,0,1,0,0,0
0,0,0,0,0,0,1,0,0,0,0,0,0,0,0,0,0,1,0,0,0,0,0,0,0,0,1,0,0,0
0,0,0,0,0,0,1,0,0,0,0,0,0,0,0,0,0,2,0,0,0,0,0,0,0,0,0,0,0,0
0,0,0,0,0,0,1,0,0,0,0,0,0,0,0,0,0,0,0,2,0,0,0,0,0,0,2,0,0,0
0,0,0,0,0,0,0,0,0,0,0,0,0,0,0,0,0,1,0,1,0,0,0,0,0,0,0,0,0,0
0,0,0,0,0,0,0,0,0,0,0,1,0,0,0,0,0,0,0,0,0,0,0,0,0,0,0,0,0,0
0,0,0,0,0,0,0,0,0,0,0,0,0,0,0,0,0,1,0,0,0,0,0,0,0,0,0,0,0,0
2,0,0,0,1,0,3,0,0,0,0,1,0,0,0,0,0,1,0,2,0,0,0,0,0,1,3,1,0,2
0,0,0,0,0,0,1,0,0,0,0,0,0,0,0,0,0,1,0,1,0,0,0,0,0,0,0,0,0,0
0,0,0,0,0,0,0,0,0,0,0,0,0,0,0,0,0,0,0,0,0,0,0,0,0,0,0,0,0,0
0,0,0,0,0,0,0,0,0,0,0,0,0,0,0,0,0,0,0,1,0,0,0,0,0,0,0,0,0,0
0,0,0,0,0,0,2,0,0,0,0,0,0,0,0,0,0,0,0,0,0,0,0,0,0,0,0,0,0,0
0,0,0,0,1,0,0,0,0,0,0,0,0,0,0,0,0,0,0,1,0,0,0,0,0,0,0,0,0,0
0,0,0,0,0,0,0,1,0,0,0,0,0,0,0,0,0,0,0,0,1,0,0,0,0,0,1,0,0,0
0,0,0,0,0,0,0,0,0,1,0,1,0,0,0,0,0,0,0,0,0,0,0,0,0,0,0,0,0,0
0,0,1,0,0,0,2,1,0,1,0,0,0,0,0,0,0,1,0,0,0,0,0,0,0,0,0,0,0,0
0,0,0,0,1,0,0,0,0,1,0,2,0,0,0,0,0,0,0,0,0,0,0,0,0,0,1,0,0,0
0,0,0,0,0,0,1,0,0,0,0,0,0,0,0,0,0,0,0,0,0,0,0,0,0,0,1,0,0,0
0,0,0,0,0,0,0,0,0,0,0,0,0,0,0,0,0,1,0,1,0,0,0,1,0,0,1,1,0,0
0,0,0,0,1,0,5,0,0,0,0,0,0,0,0,0,0,1,0,1,0,0,0,1,0,0,3,1,0,1
0,0,0,0,1,0,0,0,0,0,0,1,0,0,0,0,0,1,0,0,0,0,0,0,0,0,0,0,0,0
1,0,0,0,1,0,0,0,0,0,0,0,0,0,0,0,0,1,0,1,0,0,0,0,0,0,1,0,0,0
0,0,0,0,0,0,1,0,0,0,0,0,0,0,0,0,0,2,0,0,0,0,0,0,0,0,0,0,0,0
1,0,0,0,1,0,2,0,0,0,0,0,0,0,0,0,0,1,0,1,0,0,0,0,0,0,0,0,0,0
1,0,0,0,0,0,0,0,0,0,0,1,0,0,0,0,0,0,0,0,0,0,0,0,0,0,0,0,0,0
0,0,0,0,0,0,2,0,0,0,0,0,0,0,0,0,0,0,0,1,0,0,0,0,0,0,1,0,0,0
0,0,0,0,0,0,1,0,0,0,0,0,0,0,0,0,0,0,0,1,0,0,0,0,0,0,1,0,0,0
0,0,0,0,2,0,2,0,0,0,0,0,0,0,0,0,0,0,0,1,0,0,0,0,0,0,1,0,0,0
0,0,0,0,0,0,1,0,0,0,0,0,0,0,0,0,0,0,0,3,0,0,0,0,0,0,1,0,0,0
1,0,0,0,0,0,0,0,0,0,0,0,0,0,0,0,0,0,0,1,0,0,0,0,0,0,0,0,0,0
0,0,0,0,1,0,2,0,0,0,0,0,0,0,0,0,0,1,0,0,0,0,0,0,0,0,1,0,0,0
0,0,0,0,1,0,3,0,0,1,0,1,0,0,0,0,0,1,0,2,0,0,0,0,0,0,1,1,0,0
0,0,0,0,1,0,0,0,0,1,0,2,0,0,0,0,0,0,0,0,0,0,0,0,0,0,1,0,0,0
0,0,0,0,0,0,0,0,0,0,0,2,0,0,0,0,0,1,0,0,0,0,0,0,0,0,2,0,0,0
0,0,0,0,0,0,1,0,0,0,0,0,0,0,0,0,0,1,1,0,0,0,0,0,0,0,1,0,0,1
0,0,0,0,0,0,0,0,0,0,0,1,0,0,0,0,0,0,0,3,0,0,0,0,0,0,0,0,0,1
0,0,0,0,0,0,1,0,0,0,0,0,0,0,0,0,0,0,0,0,0,0,0,0,0,0,0,0,0,0
0,0,0,0,0,0,0,0,0,0,0,0,0,0,0,0,0,0,0,3,0,0,0,0,0,0,0,0,0,1
0,0,0,0,0,0,3,0,0,0,0,3,0,0,0,0,0,0,0,0,0,0,1,0,0,0,0,0,0,1
0,0,0,0,0,0,1,0,0,0,0,1,0,0,0,0,0,1,1,1,0,0,1,0,0,1,0,0,0,0
0,0,0,0,0,0,1,0,0,0,0,2,0,0,0,0,0,1,0,1,0,0,0,0,0,0,1,0,0,0
0,0,0,0,0,0,0,0,0,0,0,1,0,0,0,0,0,1,0,0,0,1,1,0,0,0,0,0,0,0
0,2,0,0,0,0,1,0,0,0,0,0,0,0,0,0,0,0,0,2,0,0,0,0,0,0,1,0,0,1
2,0,0,1,0,0,2,0,0,0,0,5,0,0,0,0,0,2,0,2,1,0,0,0,0,1,2,0,0,2
0,0,2,0,0,0,0,0,0,0,1,0,0,0,0,0,0,0,0,1,0,0,0,0,0,0,0,0,0,1
0,4,2,0,0,0,0,1,0,0,2,0,0,0,0,0,0,0,0,2,0,0,0,0,0,0,0,0,0,2
0,0,2,0,1,0,1,0,0,0,7,0,0,0,0,0,0,1,0,1,0,0,0,0,0,3,0,0,0,0
0,0,9,0,0,0,0,0,0,0,2,1,0,0,0,0,0,1,0,4,0,0,1,0,0,4,0,0,0,0
0,0,3,0,0,0,1,0,0,0,1,0,0,0,0,0,0,0,0,0,0,0,0,0,0,1,0,0,0,0
0,0,1,0,0,3,2,0,0,0,3,1,0,0,0,0,0,0,0,4,0,1,0,0,0,0,2,0,0,0
0,1,2,0,0,1,2,0,0,0,3,0,0,0,0,0,0,0,0,2,0,0,0,0,0,0,0,0,0,1
0,4,6,0,1,1,2,0,0,0,7,1,0,0,0,0,0,1,0,5,0,2,1,0,0,8,0,0,0,0
0,6,10,0,0,1,3,0,0,1,14,0,0,0,0,0,0,0,0,3,0,0,1,0,0,4,2,0,2,3
0,7,17,0,0,2,3,0,0,3,11,1,0,1,0,0,0,0,0,3,0,0,1,0,0,2,1,0,4,6
0,8,14,2,0,2,0,0,0,0,13,0,0,1,0,0,3,0,0,1,1,16,2,0,1,4,2,1,9,1
0,8,26,1,2,3,2,0,0,3,11,0,0,3,0,1,1,1,0,6,4,5,2,0,4,13,4,2,11,5
2,12,13,1,0,1,2,0,0,2,7,0,1,4,0,1,7,2,0,2,1,3,4,0,7,4,3,2,2,12
2,15,8,3,0,4,3,9,1,16,10,1,2,5,1,0,1,0,1,9,5,3,3,0,2,7,2,1,6,4
0,16,5,2,1,6,3,9,0,9,2,2,5,4,1,0,8,0,1,3,3,3,4,0,4,3,1,5,5,10
4,3,3,7,0,4,0,4,0,12,1,3,2,3,1,0,1,0,1,4,1,1,2,4,5,5,2,1,1,11
4,1,2,14,0,7,2,8,1,13,3,3,4,11,0,0,11,1,2,3,6,4,11,4,18,10,2,2,0,7
3,5,13,1,3,7,1,13,0,15,14,6,1,17,0,0,6,3,3,5,1,5,8,1,7,12,3,1,2,29
1,8,36,2,0,8,3,11,0,11,23,6,4,16,0,7,2,2,0,6,6,6,17,1,1,10,1,4,12,40
5,19,28,0,2,23,1,16,0,26,20,6,18,25,0,0,2,4,1,14,5,21,6,0,2,12,2,1,22,24
3,31,10,0,0,28,3,8,0,25,17,5,23,39,0,0,0,1,0,7,2,15,10,0,2,17,1,1,21,38
4,38,34,0,0,58,4,4,0,19,26,2,54,27,0,0,0,2,0,9,1,17,7,0,0,16,1,2,32,27
5,36,36,0,5,56,2,6,0,19,33,4,70,27,0,0,2,0,0,1,3,18,6,0,0,11,4,3,26,13
3,39,29,0,7,26,14,10,0,22,42,3,18,55,0,0,0,4,0,4,5,25,0,0,0,9,2,1,58,7
5,53,22,0,5,19,5,12,0,24,34,15,12,31,0,2,0,5,0,1,9,41,1,1,0,7,1,5,52,5
2,65,26,0,9,31,4,4,0,15,76,11,32,47,0,0,0,6,1,8,1,42,2,5,0,8,2,3,46,4
0,77,58,1,7,19,7,6,1,12,58,10,8,33,0,0,0,4,0,0,4,50,5,0,0,6,2,2,78,4
1,73,40,0,4,18,5,4,0,13,83,5,7,34,0,0,2,2,2,0,8,64,4,0,0,7,3,2,72,6
0,96,38,0,5,14,11,4,0,13,77,1,5,44,0,0,1,1,0,3,5,53,0,0,0,7,0,4,110,3
4,85,25,0,5,24,9,4,2,14,105,4,22,50,0,0,5,0,0,4,1,55,3,0,1,5,1,5,84,5
0,117,23,0,5,23,8,9,0,7,50,2,26,37,0,0,0,2,2,2,0,55,0,0,1,0,1,2,89,3
0,80,27,1,2,27,8,10,0,7,67,0,18,16,0,0,0,3,0,7,0,76,0,0,0,1,4,3,89,1
0,45,50,0,4,5,3,6,0,4,65,3,5,12,0,0,0,2,0,4,3,34,1,0,0,0,6,1,78,3
1,53,33,1,2,24,4,5,0,10,54,0,22,1,1,0,0,0,0,5,2,59,0,0,0,0,9,6,105,2
4,20,35,0,2,6,2,6,0,10,31,2,3,2,1,0,1,5,0,2,0,2,0,0,0,0,5,1,23,3
1,10,0,0,5,2,4,2,0,8,7,2,0,3,1,0,1,7,0,4,4,2,0,0,0,0,0,2,7,1
1,4,0,1,7,3,3,2,0,1,2,1,6,1,1,0,1,3,0,4,0,1,2,0,0,0,4,3,1,1
2,8,1,1,3,3,1,1,0,4,0,2,2,1,0,1,0,0,1,4,1,0,2,0,1,2,2,1,5,0
1,4,1,3,2,4,1,2,0,4,0,2,0,2,0,0,2,2,0,0,2,0,0,0,0,2,1,2,1,2
3,1,2,5,3,2,0,1,0,2,0,1,2,0,0,0,2,2,4,1,1,0,0,0,0,3,1,2,3,1
0,2,0,2,1,0,1,0,0,5,0,0,2,2,1,0,3,1,0,0,0,1,0,0,0,1,1,2,0,2
2,0,0,4,3,6,3,2,0,2,0,2,10,3,0,0,0,5,1,1,1,4,0,0,0,0,0,1,4,0
0,1,0,0,1,1,1,1,0,1,1,2,0,2,0,1,0,4,1,0,2,0,0,0,0,0,0,1,0,0
1,0,0,2,2,1,1,2,0,3,0,1,0,1,0,1,0,5,0,0,1,1,1,0,0,0,1,1,0,1
1,0,0,0,1,0,1,2,0,1,0,2,0,1,0,0,0,0,1,0,0,0,0,0,0,0,1,2,0,0
0,0,0,1,0,0,3,2,0,0,1,0,0,0,0,0,3,0,1,0,2,0,0,0,2,0,0,3,1,0
0,0,0,0,1,0,1,0,0,0,0,0,1,0,0,0,0,1,1,0,0,0,0,1,0,0,0,2,0,0
0,0,0,0,0,0,1,0,0,0,0,0,0,0,0,0,1,3,1,1,0,0,0,3,0,0,4,0,0,1
0,0,0,1,1,0,1,0,0,0,0,0,0,0,0,2,0,3,0,0,0,0,0,0,1,0,0,0,0,0
0,0,1,0,0,0,0,0,1,0,0,0,0,0,0,0,1,1,0,0,1,0,0,0,0,0,0,2,0,0
1,0,0,0,0,1,1,0,1,0,0,0,0,0,0,2,1,0,0,1,0,0,0,0,0,0,0,1,0,0
1,3,0,1,0,2,1,1,0,0,0,0,1,0,0,0,2,2,0,1,0,1,0,0,0,0,1,1,0,1
0,0,1,0,0,0,0,0,0,0,0,2,0,0,0,0,0,1,0,2,0,0,0,0,2,1,1,1,0,0
0,0,0,0,1,0,0,0,0,2,0,0,1,0,0,0,0,0,0,0,0,0,2,0,0,0,1,0,0,0
1,0,0,0,0,0,1,0,0,0,0,0,0,0,0,0,0,1,0,0,0,0,1,0,0,0,1,0,0,0
0,0,0,0,0,0,1,0,0,1,0,1,0,0,0,0,0,0,0,0,0,0,0,0,0,0,0,0,0,0
0,0,0,0,0,0,1,0,0,0,0,0,1,0,0,0,0,1,0,0,0,0,0,0,0,0,2,0,0,0
0,0,1,0,0,0,1,0,0,0,0,0,0,0,0,0,0,1,0,0,0,0,0,0,0,0,0,0,0,0
0,2,0,0,0,0,0,0,0,2,0,0,0,0,0,0,0,2,1,1,0,0,0,0,0,0,0,0,0,0
0,0,1,0,1,2,2,1,0,0,1,3,2,3,0,0,0,3,0,0,0,1,0,0,0,0,0,0,1,1
0,0,0,0,3,0,0,0,0,0,0,0,0,0,0,0,0,1,0,0,0,0,0,0,0,0,0,0,0,0
0,0,0,0,0,0,1,0,0,0,0,0,0,0,0,0,0,0,0,0,0,0,0,0,0,0,0,0,0,0
0,0,0,0,1,0,3,0,0,0,0,1,0,0,0,0,0,0,0,0,0,0,0,0,0,0,0,0,0,0
0,1,0,0,0,0,3,0,0,0,0,0,0,0,0,0,0,3,0,0,0,0,0,0,0,0,1,0,0,0
0,3,0,0,1,0,3,1,0,0,0,0,0,0,0,0,0,0,0,1,0,0,0,0,0,0,0,0,0,0
0,0,0,0,0,0,1,0,0,0,0,0,0,0,0,0,0,0,0,0,0,0,0,0,0,0,1,0,0,1
0,0,0,0,3,0,2,0,0,0,0,1,0,0,0,0,0,0,0,1,0,0,0,0,0,0,0,0,0,0
0,0,0,0,2,0,3,0,0,0,0,1,0,0,0,0,0,1,0,0,0,1,0,0,0,0,0,0,0,0
1,0,0,0,0,0,0,0,0,0,0,0,0,0,0,0,0,2,0,1,0,0,0,0,0,0,0,0,0,0
0,0,0,0,1,0,0,0,0,0,0,1,0,0,0,0,0,1,0,2,0,0,0,0,0,0,1,0,0,0
0,0,0,0,0,0,0,0,0,0,0,0,0,0,0,0,0,3,0,0,0,0,0,0,0,1,0,0,0,0
2,0,1,0,1,0,1,0,0,0,1,1,0,0,0,0,0,3,0,0,0,0,2,0,0,4,3,0,0,0
0,0,0,0,0,0,0,0,0,0,0,3,0,0,0,0,0,1,0,0,0,0,0,0,0,0,1,0,0,0
0,0,2,0,1,0,1,0,0,0,0,0,0,0,0,0,0,1,0,0,0,0,0,0,0,1,1,0,0,0
0,2,0,0,0,0,0,0,0,0,0,0,0,0,0,0,0,0,0,1,0,0,0,0,0,0,0,0,0,0
0,0,0,0,0,0,0,0,0,0,1,1,0,0,0,0,0,1,0,0,0,0,0,0,0,0,1,1,0,0
0,0,0,0,2,0,0,0,0,0,2,0,0,0,0,0,0,0,0,0,0,1,0,0,0,0,1,0,1,0
0,0,0,0,0,0,2,0,0,1,5,0,0,0,0,0,0,2,0,0,0,3,0,0,0,0,1,0,2,1
0,7,1,0,1,9,3,1,0,1,5,0,5,0,0,0,0,1,0,1,0,6,0,0,0,0,1,0,3,3
0,43,7,0,3,64,6,10,0,7,5,0,72,2,1,1,0,4,0,0,0,19,0,0,0,2,0,0,53,2
0,74,11,0,5,64,12,7,0,10,11,3,84,27,1,1,1,4,0,0,0,21,0,0,0,1,0,0,51,5
2,76,28,0,2,44,10,10,0,19,31,2,57,55,0,0,0,9,0,5,1,41,0,0,0,1,0,0,63,8
1,28,19,0,8,73,11,15,1,27,30,1,73,58,0,0,0,1,0,13,0,33,0,0,0,2,0,0,18,11
0,42,14,0,5,66,19,14,0,29,32,2,91,59,0,0,1,2,0,15,0,32,1,0,0,10,4,2,17,11
0,24,23,0,5,61,17,13,0,22,26,2,85,74,0,0,3,0,0,9,0,32,2,0,1,2,2,1,11,8
2,42,13,0,2,76,10,23,0,16,19,2,94,63,0,0,2,1,0,5,0,40,2,0,2,5,3,2,28,3
0,73,9,0,2,87,8,15,0,17,23,1,100,50,0,0,0,3,0,3,0,29,3,0,1,2,6,1,39,4
1,79,0,0,5,91,9,10,0,8,6,0,143,16,0,0,0,5,0,1,0,24,1,0,1,1,2,0,76,3
0,22,0,0,5,74,14,8,0,0,4,3,104,1,0,0,0,4,0,1,0,7,2,0,0,0,6,1,25,1
0,5,2,0,4,23,6,2,0,0,1,1,22,0,0,0,0,1,0,0,0,0,0,0,0,0,1,0,0,1
0,0,6,0,1,6,1,0,0,0,1,0,4,0,0,0,0,2,0,1,0,0,3,0,0,2,1,0,0,0
1,0,0,0,3,0,1,0,0,0,1,1,0,0,0,0,0,1,3,2,0,0,7,0,0,10,6,0,0,1
0,0,1,0,2,0,0,0,0,0,2,2,0,0,0,1,0,2,5,0,0,0,10,0,0,5,6,0,0,0
0,0,1,0,5,0,1,0,2,0,0,0,0,0,4,13,0,4,19,0,0,0,17,2,0,10,2,1,0,0
0,0,0,0,8,0,1,0,4,0,2,0,0,0,1,12,0,0,9,1,1,0,12,4,0,10,2,1,0,0
0,0,1,0,4,0,3,0,0,0,0,2,0,0,3,16,1,2,22,0,0,0,8,0,1,6,1,1,0,2
0,0,1,2,5,0,4,0,0,0,0,0,0,0,3,25,0,1,25,0,1,0,6,1,0,1,1,2,0,0
0,0,1,2,8,0,4,0,1,0,0,0,0,0,2,11,0,2,11,0,0,0,1,0,0,5,0,1,0,0
0,0,2,0,3,0,2,0,0,0,0,1,0,0,1,10,0,2,12,0,0,0,3,1,0,1,0,0,0,1
0,0,1,0,4,0,4,0,0,1,1,0,0,0,2,8,0,0,14,0,1,0,2,0,0,5,2,0,0,0
2,0,0,0,6,0,4,0,0,0,0,1,0,0,0,1,0,2,6,0,0,0,2,0,0,2,1,0,0,1
0,0,0,0,4,0,1,0,0,0,1,0,0,0,0,6,0,0,8,1,1,0,14,0,0,10,1,0,0,0
1,0,3,0,6,0,2,1,0,0,1,1,0,0,0,1,0,1,1,2,0,0,6,0,0,2,1,0,0,0
0,0,1,0,7,0,1,0,0,0,0,2,0,0,0,0,0,2,3,0,0,0,9,0,0,20,4,1,0,1
1,0,0,0,3,0,1,0,0,0,0,2,0,0,1,9,0,3,10,2,0,0,18,1,0,15,2,0,0,0
1,0,2,0,1,0,1,0,0,0,1,0,0,0,0,3,0,1,7,0,0,0,3,0,0,12,0,0,0,0
0,0,0,0,4,0,3,0,0,0,0,1,0,0,2,10,0,2,30,1,0,0,11,0,0,10,0,0,0,0
0,0,2,0,6,1,5,0,0,3,0,0,1,1,0,5,0,3,5,7,0,0,7,0,0,5,0,0,0,0
0,0,6,0,2,0,4,0,0,0,2,1,0,0,0,6,0,0,2,1,0,3,9,0,0,6,2,0,0,0
0,0,0,0,3,0,3,0,0,1,0,0,0,0,0,0,0,0,2,0,0,0,2,0,0,1,1,0,0,0
2,0,0,0,2,0,3,0,0,0,0,2,0,0,0,0,0,1,0,2,0,0,0,0,0,1,0,0,0,0
0,0,0,0,1,0,0,0,0,0,0,2,0,0,0,4,0,0,1,0,0,0,2,0,0,1,0,0,0,0
0,0,0,0,1,0,2,0,0,0,0,0,0,0,0,0,0,0,0,0,0,0,0,0,0,1,1,0,0,0
0,0,3,0,0,0,1,0,0,0,0,0,0,0,0,0,0,0,0,1,0,0,0,0,0,0,0,0,0,0
1,0,0,0,1,0,0,0,0,0,0,0,0,0,0,0,0,1,0,0,0,0,0,0,0,0,0,0,0,0
0,0,1,0,0,0,0,0,0,0,0,3,0,0,0,0,0,0,0,0,1,0,0,0,0,0,2,0,0,0
0,0,0,0,2,0,0,0,0,0,0,0,0,0,0,0,0,0,2,0,0,0,0,0,0,0,0,1,0,0
0,0,0,0,0,0,1,0,0,0,0,0,0,0,0,0,0,1,0,0,0,0,0,0,0,1,0,0,0,0
1,0,0,0,1,0,0,0,0,0,0,2,0,0,0,0,0,1,1,0,0,0,0,0,0,0,0,0,0,2
0,0,0,0,1,0,2,0,0,0,0,1,0,0,1,0,0,3,0,0,0,0,1,0,0,0,0,0,0,1
2,0,0,0,0,0,2,0,0,0,0,0,1,0,0,0,0,0,0,1,0,0,0,0,0,0,0,0,0,2
0,0,0,0,0,0,2,0,0,0,0,2,0,0,0,2,0,1,0,2,0,0,0,0,0,0,0,0,0,0
0,0,0,0,0,0,0,0,0,0,0,0,0,0,0,0,0,0,0,0,0,0,0,0,0,0,1,0,0,0
0,0,0,0,0,0,0,0,0,0,0,0,0,0,0,0,0,1,0,1,0,0,0,0,0,0,1,0,0,0
0,0,0,0,1,0,0,0,0,0,0,0,0,0,0,0,0,1,0,1,0,0,0,0,0,0,0,0,0,0
0,0,0,0,3,0,1,0,0,1,0,0,0,0,0,0,0,1,0,0,0,0,0,0,0,0,0,0,0,1
0,0,0,0,2,0,0,0,0,0,0,0,0,0,0,0,0,1,0,0,0,0,0,0,0,1,1,0,0,0
0,0,0,0,0,0,1,0,0,0,0,1,0,0,0,0,0,2,0,0,0,0,0,0,0,0,1,0,0,0
0,0,0,0,1,0,1,0,0,0,0,3,0,0,0,0,0,0,0,0,0,0,0,0,0,0,0,0,0,0
0,0,0,0,0,0,0,0,0,0,0,0,0,0,0,0,0,2,1,0,0,0,0,0,0,0,0,0,0,1
0,0,0,0,0,0,0,0,0,0,0,0,0,0,0,0,0,2,0,1,0,0,0,0,0,0,1,0,0,0
0,0,0,0,1,0,1,0,0,0,0,4,0,0,0,0,0,2,0,0,0,0,0,0,0,0,1,0,0,0
1,0,0,0,2,0,1,0,0,0,0,0,0,0,0,0,0,1,0,1,0,0,0,0,0,0,0,0,0,0
0,0,0,0,1,0,0,0,0,0,0,0,0,0,0,0,0,3,0,0,0,0,0,0,0,0,0,0,0,1
1,0,0,0,1,0,0,0,0,2,0,0,0,0,0,0,0,3,0,0,0,0,0,0,0,0,0,0,0,0
0,0,0,0,0,0,1,0,0,0,0,1,0,0,0,0,0,1,0,0,0,0,0,0,0,0,0,1,0,0
0,0,0,0,1,0,0,0,0,0,0,0,0,0,0,0,0,0,0,0,0,0,0,0,0,0,2,0,0,0
1,0,0,0,1,0,1,0,0,1,0,0,0,0,0,0,0,1,0,0,0,0,0,0,0,0,2,0,0,0
0,0,0,0,0,0,0,0,0,0,0,0,0,0,0,0,0,1,0,1,0,0,0,0,0,0,0,0,0,0
0,0,0,0,0,1,0,0,0,0,0,0,0,0,0,0,0,1,0,0,0,0,0,0,0,0,0,0,0,0
0,0,0,0,0,0,1,0,0,0,0,0,0,0,0,0,0,2,0,0,0,0,0,0,0,0,0,0,0,2
0,0,0,0,1,0,0,0,0,0,0,0,0,0,0,0,0,0,0,0,0,0,0,0,0,0,0,0,0,0
0,0,0,1,0,0,0,0,0,0,0,0,0,0,0,0,0,1,0,0,2,0,0,0,0,0,1,0,0,0
0,0,0,0,3,0,0,0,0,0,0,1,0,0,0,0,0,3,0,2,0,0,0,0,0,0,1,0,0,0
0,0,0,0,0,0,0,0,0,0,0,0,0,0,0,0,0,1,0,0,0,0,0,0,0,0,0,0,0,0
0,0,0,0,0,1,0,0,0,0,0,0,0,0,0,0,0,1,0,0,0,0,0,0,0,0,0,0,0,0
0,0,0,0,1,0,1,0,0,0,0,0,0,0,0,0,0,0,0,0,0,0,0,0,0,0,1,0,0,0
0,0,0,0,2,0,0,0,0,0,0,0,0,0,0,0,0,2,0,0,0,0,0,0,0,0,0,0,0,0
2,0,0,0,0,0,1,0,0,0,0,0,0,0,0,0,0,0,0,0,0,0,0,0,0,0,0,0,0,0
0,0,0,0,1,0,0,0,0,0,0,1,0,0,0,0,0,0,0,0,0,0,0,0,0,0,0,0,0,0
1,0,0,0,0,0,1,0,0,0,0,0,0,0,0,0,0,1,0,0,0,0,0,0,0,0,0,0,0,0
2,0,0,0,0,0,1,0,0,0,0,0,0,0,0,0,0,1,1,0,0,0,0,0,0,0,0,1,0,0
0,0,0,1,0,0,0,0,0,0,0,0,0,0,0,0,0,0,0,0,0,0,0,0,0,0,3,0,0,0
1,0,0,0,0,0,1,0,0,0,0,1,0,0,0,0,0,1,0,0,0,0,0,0,0,1,0,0,0,0
0,0,1,0,0,0,0,0,0,0,0,1,0,0,0,0,0,0,0,0,0,0,0,0,0,0,0,0,0,1
1,0,0,0,0,0,1,0,0,2,0,1,0,0,0,0,0,1,0,2,0,0,0,0,0,2,2,0,0,2
0,0,0,0,1,0,0,0,0,0,0,0,0,0,0,0,0,1,0,1,0,0,0,0,0,0,0,0,0,0
0,0,0,0,0,0,0,0,0,0,0,1,0,0,0,0,0,0,0,3,0,0,0,0,0,0,0,0,0,0
0,0,0,0,0,0,1,0,0,0,0,0,0,0,0,0,0,0,0,0,0,0,0,0,0,0,0,1,0,0
0,0,0,0,0,0,0,0,0,0,0,0,0,0,0,0,0,0,0,0,0,0,0,0,0,0,0,0,0,0
0,0,0,0,1,0,0,1,0,0,0,1,0,0,0,0,0,0,0,0,0,0,0,0,0,0,0,0,0,0
0,0,0,0,0,0,1,0,0,0,0,0,0,0,0,0,0,1,0,1,0,0,0,0,0,0,1,0,0,0
0,0,0,0,1,0,0,0,0,0,0,0,0,0,0,0,0,0,0,0,0,0,0,0,0,0,1,0,0,0
0,0,0,0,0,0,1,0,0,1,0,1,0,0,0,0,0,2,0,0,0,0,0,0,0,0,0,0,0,1
1,0,0,0,0,0,0,0,0,0,0,2,0,0,0,0,0,0,0,0,0,0,0,0,0,0,1,0,0,0
1,0,0,0,0,0,0,0,0,0,0,1,0,0,0,0,0,1,0,1,0,0,0,0,0,0,0,0,0,0
0,0,0,0,0,0,0,1,0,0,0,0,0,0,0,0,0,1,0,1,0,0,0,0,0,0,0,0,0,0
2,0,0,0,1,0,0,2,0,2,0,0,0,0,0,0,0,1,0,3,0,0,0,0,0,1,6,0,0,0
0,0,0,0,0,0,0,0,0,1,0,0,0,0,0,0,0,0,0,0,0,0,0,0,0,0,1,0,0,0
0,0,0,0,0,0,0,0,0,0,0,0,0,0,0,0,0,2,0,0,0,0,1,0,0,2,2,0,0,0
0,0,0,0,0,0,0,0,0,1,0,0,0,0,0,0,0,0,0,0,0,0,0,0,0,0,0,0,0,0
0,0,0,0,2,0,0,0,0,0,0,0,0,0,0,0,0,0,0,0,0,0,0,0,0,0,2,1,0,2
0,0,0,0,1,0,0,0,0,0,0,2,0,0,1,0,0,0,0,0,0,0,0,0,0,3,0,1,0,0
0,0,0,0,0,0,1,0,0,0,0,0,0,0,0,0,0,2,0,1,0,0,0,0,0,0,0,1,0,0
0,0,0,0,0,0,1,0,0,0,0,2,0,1,0,0,0,1,0,2,0,0,0,0,0,0,1,0,0,0
0,0,0,0,0,0,1,0,0,0,0,0,0,1,0,0,0,0,0,0,0,0,0,0,0,0,1,0,0,0
0,0,0,0,0,0,0,0,0,0,0,0,0,0,0,0,0,0,0,0,0,0,0,0,0,0,0,0,0,0
0,0,0,0,0,0,1,0,0,0,0,0,0,0,0,0,0,1,0,0,0,0,0,0,0,1,0,0,0,0
0,0,0,0,0,0,0,0,0,0,0,0,0,0,0,0,0,0,0,0,0,0,0,0,0,0,0,0,0,0
0,0,0,0,1,0,1,0,0,0,0,1,0,0,0,0,0,3,0,0,0,0,0,0,0,0,0,0,0,0
0,0,0,0,0,0,0,0,0,0,0,0,0,0,0,0,0,2,0,0,0,0,0,0,0,1,0,0,0,0
0,0,0,1,0,0,0,1,0,0,0,1,0,0,1,1,0,3,0,0,0,0,0,0,0,0,2,0,0,0
0,0,0,0,0,0,0,0,0,0,0,1,0,0,0,0,0,0,0,0,0,0,0,0,0,0,0,0,0,0
0,0,0,0,0,0,0,0,0,0,0,1,0,0,0,0,0,1,0,0,0,0,0,0,0,2,0,0,0,0
0,0,0,0,1,0,0,0,0,0,0,1,0,0,0,0,0,0,0,0,0,0,0,0,0,0,1,0,0,0
0,0,0,0,0,0,0,0,0,0,0,1,0,0,0,0,0,4,0,0,0,0,0,0,0,0,0,0,0,0
0,0,0,0,0,0,0,0,0,0,0,0,0,0,0,0,0,1,0,0,0,0,0,0,0,0,1,0,0,0
0,0,0,0,0,0,0,0,0,0,0,0,0,0,0,0,0,0,0,0,0,0,0,1,0,0,0,0,0,1
0,0,0,0,0,0,1,0,0,0,0,0,0,0,0,0,0,0,0,0,0,0,0,0,0,0,1,0,0,0
1,0,0,0,0,0,0,0,0,0,0,0,0,0,0,0,0,0,0,0,0,0,0,0,0,0,0,0,0,0
0,0,0,0,0,0,0,0,0,0,0,2,0,0,0,0,0,0,0,0,0,0,0,0,0,0,0,0,0,0
0,0,0,0,2,0,2,0,0,2,0,0,0,0,1,0,0,1,0,1,0,0,0,0,0,0,1,0,0,0
2,0,0,0,1,0,4,0,0,0,0,1,0,0,0,0,0,1,0,0,0,0,0,0,0,0,1,0,0,0
0,0,0,0,0,0,1,0,0,0,0,0,0,0,0,0,0,0,0,0,0,0,0,0,0,0,0,0,0,0
1,0,0,0,1,0,0,0,0,0,0,0,0,0,0,0,0,1,0,0,0,0,0,0,0,0,0,0,0,0
0,0,0,0,0,0,0,0,0,0,0,0,0,0,2,0,0,0,0,0,0,0,0,0,0,0,1,0,0,0
2,0,0,0,0,0,0,0,0,0,0,1,0,0,0,0,0,1,0,0,0,0,0,0,0,0,0,0,0,0
1,0,0,0,0,0,0,0,0,0,0,1,0,0,0,0,0,0,0,0,0,0,0,0,0,0,0,0,0,0
0,0,0,0,0,0,0,0,0,0,0,1,0,0,0,0,0,0,0,0,0,0,0,0,0,0,0,0,0,0
0,0,0,0,1,0,1,0,0,0,0,0,0,0,0,0,0,0,0,0,0,0,0,0,0,0,0,0,0,0
0,0,0,0,2,0,2,0,0,0,0,0,0,0,0,0,0,0,0,0,0,0,0,0,0,0,2,0,0,0
1,0,0,0,0,0,0,0,0,0,0,0,0,0,0,0,0,2,0,0,0,0,0,0,0,0,1,0,0,0
0,0,0,0,0,0,2,0,0,0,0,0,0,0,0,0,0,0,0,0,0,0,0,0,0,0,0,0,0,0
2,0,0,0,2,0,2,0,0,0,0,2,0,0,0,0,0,1,0,0,0,0,0,0,0,0,1,0,0,0
0,0,0,0,1,0,0,0,0,0,0,0,0,0,0,0,0,1,2,0,0,0,0,0,0,0,0,0,0,0
0,0,0,0,0,0,0,0,0,0,0,1,0,0,0,0,0,2,0,0,0,0,0,0,0,0,0,0,0,0
0,0,0,0,0,0,1,0,0,0,0,3,0,0,0,0,0,0,0,0,0,0,0,0,0,0,1,0,0,0
0,0,0,0,0,0,1,0,0,0,0,1,0,0,0,0,0,1,0,1,1,0,0,0,0,0,0,0,0,0
0,0,0,0,0,0,1,0,0,0,0,0,0,0,0,0,0,0,0,0,1,0,0,0,0,0,0,0,0,0
0,0,0,0,1,0,0,0,0,0,0,0,0,0,0,0,0,0,0,0,0,0,0,0,0,0,0,0,0,0
0,0,0,0,0,0,1,0,0,0,0,0,0,0,0,0,0,0,0,0,0,0,0,0,0,0,0,0,0,0
0,0,0,0,0,0,2,0,0,0,0,0,0,0,0,0,0,0,0,1,0,0,0,0,0,0,2,0,0,0
1,0,0,0,0,0,0,1,0,0,0,2,0,0,0,0,0,1,0,0,1,0,0,0,0,0,0,0,0,2
0,0,0,0,0,0,1,0,0,0,0,0,0,0,0,0,0,1,0,2,0,0,0,0,0,0,0,0,0,0
0,0,0,0,0,0,0,0,0,2,0,0,0,0,0,0,0,1,0,0,0,0,0,0,0,0,2,0,0,0
1,0,0,0,0,0,1,2,0,0,0,0,0,0,0,0,0,0,0,0,1,0,0,0,0,0,1,0,0,0
0,0,0,0,0,0,1,0,0,0,0,0,0,0,0,0,0,0,0,2,0,0,0,0,0,0,3,0,0,0
0,0,0,0,2,0,0,0,0,0,0,0,0,0,0,0,0,0,0,1,0,0,0,0,0,0,0,0,0,0
0,0,0,0,0,0,1,0,0,0,0,0,0,0,0,0,0,0,0,0,0,0,0,0,0,1,0,0,0,0
0,0,0,0,1,0,2,0,0,0,0,0,0,0,0,0,1,0,0,1,0,0,1,0,0,0,0,0,0,0
0,0,0,0,0,0,0,1,0,0,0,0,0,0,0,0,0,0,0,0,0,0,0,0,0,0,0,0,0,0
0,0,0,0,0,0,1,0,0,0,0,0,0,0,0,0,0,1,0,0,0,0,0,0,0,0,0,0,0,0
1,0,0,0,0,0,3,0,0,0,0,0,0,0,0,0,0,1,0,0,0,0,0,0,0,0,3,0,0,0
0,0,0,0,2,0,0,0,0,0,0,0,0,0,0,0,0,0,0,0,0,0,0,0,0,0,0,1,0,0
1,0,0,0,1,1,3,0,0,0,0,2,0,0,0,0,0,0,0,0,0,0,0,0,0,0,0,0,0,0
0,0,0,0,0,0,2,0,0,0,0,1,0,0,0,0,0,2,0,1,0,0,0,0,0,0,0,0,0,0
1,0,0,0,0,0,0,0,0,0,0,0,0,0,0,0,0,0,0,1,0,0,0,0,0,0,0,0,0,0
0,0,0,0,0,0,1,0,0,0,0,0,0,0,0,0,0,2,0,1,0,0,0,0,0,0,2,1,0,0
0,0,0,0,1,0,0,0,0,0,0,2,0,1,0,0,0,0,0,1,0,0,0,0,0,0,1,0,0,0
0,0,0,0,0,0,0,0,0,0,0,0,0,0,0,0,0,1,0,0,0,0,0,0,0,0,0,0,0,0
0,0,0,0,0,0,0,0,0,0,0,0,0,0,0,0,0,1,0,0,0,0,0,0,0,0,1,0,0,0
0,0,0,0,2,0,0,0,0,0,0,0,0,0,0,0,0,0,0,1,0,0,0,0,0,0,0,0,0,1
0,0,0,0,0,0,0,0,0,0,0,1,0,0,0,0,0,0,0,0,0,0,0,0,0,0,0,0,0,0
0,0,0,0,0,0,1,0,0,0,0,2,0,0,0,0,0,2,0,0,0,0,0,0,0,0,0,0,0,0
0,0,0,0,0,0,0,0,0,0,0,0,0,0,0,0,0,3,0,0,0,0,0,0,0,0,0,0,0,0
0,0,0,0,0,0,1,0,0,0,0,1,0,0,0,0,0,1,0,1,0,0,0,0,0,1,0,0,0,0
0,0,0,0,1,0,0,0,0,1,0,0,0,0,0,0,0,0,0,0,0,0,0,0,0,0,0,0,0,0
0,0,0,0,1,0,0,0,0,0,0,0,0,0,0,0,0,1,0,0,0,0,0,0,0,0,1,0,0,0
0,0,0,0,1,0,0,0,0,0,0,0,0,0,0,0,0,0,0,1,0,0,0,0,0,0,0,0,0,0
1,0,0,0,0,0,1,1,0,0,0,0,0,0,0,0,0,1,0,0,0,0,0,0,0,2,1,0,0,0
0,0,0,0,0,1,0,0,0,0,0,0,0,0,0,0,0,1,0,0,0,0,0,0,0,0,1,0,0,0
2,0,0,0,0,0,1,0,0,0,0,0,0,0,0,0,0,1,0,0,0,0,0,0,0,0,1,0,0,0
0,0,0,0,0,0,1,0,0,0,0,1,0,0,0,0,0,0,0,0,0,0,0,0,0,0,0,0,0,0
0,0,0,0,0,0,0,0,0,0,0,2,0,0,0,0,0,1,0,2,0,0,0,0,0,0,0,0,0,0
0,0,0,0,1,0,1,0,0,0,0,0,0,0,0,0,0,1,0,0,0,0,0,0,0,0,0,0,0,0
0,0,0,0,1,0,0,0,0,0,0,1,0,1,0,0,0,1,0,0,0,0,0,0,0,0,1,0,0,0
0,0,0,0,1,0,0,0,0,0,0,1,0,0,0,0,0,0,0,1,0,0,0,0,0,0,1,0,0,0
0,0,0,0,0,0,0,0,0,0,0,0,0,0,0,0,0,2,0,3,0,0,1,0,0,0,1,0,0,0
0,0,0,0,0,0,0,0,0,1,0,0,0,0,2,0,0,0,0,0,0,0,0,0,0,0,2,0,0,0
0,0,0,0,1,0,0,0,0,0,0,1,0,0,0,0,0,3,0,1,0,0,0,0,0,0,0,0,0,0
0,0,0,0,1,0,0,0,0,0,0,0,0,0,0,0,0,2,0,2,0,0,0,0,0,0,0,0,0,0
1,0,0,1,1,0,1,0,1,0,0,2,0,0,0,0,0,2,0,2,0,0,0,0,0,1,0,0,0,0
0,0,0,0,0,0,0,0,0,2,0,0,0,0,0,0,0,0,0,0,0,0,0,0,0,0,0,0,0,0
1,0,0,0,0,0,0,0,0,0,0,0,0,0,0,0,0,0,0,0,0,0,0,0,0,0,0,0,0,0
1,0,0,0,0,0,1,0,0,0,0,1,0,0,0,0,0,1,0,0,0,0,0,0,0,0,0,0,0,0
0,0,0,0,0,0,0,0,0,1,0,1,0,0,0,0,0,1,0,1,0,0,0,0,0,0,1,0,0,0
0,0,0,0,2,0,2,0,0,1,0,0,0,0,0,0,0,0,0,0,0,0,0,0,0,0,0,0,0,0
0,0,0,0,0,0,0,0,0,0,0,0,0,0,0,0,0,0,0,1,0,0,0,0,0,0,1,0,0,0
0,0,0,0,1,0,2,0,0,0,0,0,0,0,0,0,0,0,0,0,0,0,0,1,0,0,2,0,0,0
0,0,0,0,0,0,0,0,0,0,0,1,0,0,0,0,0,0,0,2,0,0,0,0,0,0,0,0,0,0
0,0,0,0,2,0,0,0,0,0,0,0,0,0,0,0,0,0,0,0,0,0,0,0,0,0,0,0,0,0
1,0,0,0,1,0,0,0,0,0,0,1,0,0,0,0,0,0,0,1,0,0,0,0,0,0,1,0,0,0
0,0,0,0,2,0,0,0,0,0,0,0,0,0,0,0,0,1,0,0,0,0,0,0,0,0,0,0,0,0
0,0,0,0,1,0,1,1,0,1,0,0,0,0,0,0,0,2,0,3,0,0,0,0,0,0,0,0,0,0
0,0,0,0,0,0,0,0,0,0,0,0,0,0,0,0,0,1,0,0,0,0,0,0,0,0,1,0,0,0
0,0,0,0,0,0,3,0,0,0,0,0,0,0,0,0,0,2,0,0,0,0,0,0,0,0,0,0,0,0
0,0,0,0,1,0,2,0,0,0,0,0,0,0,0,0,0,0,0,0,0,0,0,0,0,0,0,0,0,0
0,0,0,0,2,0,0,0,0,0,0,1,0,0,0,0,0,0,0,2,0,0,0,0,0,0,1,0,0,0
0,0,0,2,0,0,1,0,0,0,0,0,0,0,0,0,0,0,0,0,0,0,0,0,0,0,1,0,0,0
0,0,0,0,0,0,0,0,0,0,0,0,0,0,0,0,0,0,0,0,0,0,0,0,0,0,0,1,0,0
0,0,0,0,0,0,1,0,0,0,0,0,0,0,0,0,0,0,0,0,0,0,0,0,1,0,0,0,0,0
0,0,0,0,0,0,1,0,0,1,0,1,0,0,0,0,0,0,0,0,0,0,2,0,0,0,0,0,0,0
0,0,0,1,0,0,2,0,0,0,0,0,0,0,0,0,0,0,0,0,1,0,0,0,1,0,2,0,0,0
0,0,0,0,0,0,0,0,0,0,0,0,0,0,0,0,0,1,0,0,0,0,0,0,0,0,2,0,0,0
0,0,0,0,0,0,2,0,0,0,0,1,0,0,0,0,0,1,0,1,0,0,0,0,0,0,0,0,0,0
0,0,0,1,0,0,0,1,0,0,0,0,0,0,0,0,0,2,0,1,0,0,0,0,0,0,1,0,0,0
0,0,0,0,1,0,1,0,0,0,0,1,0,0,0,0,0,0,0,0,0,0,0,0,0,0,0,0,0,0
0,0,0,0,1,0,1,0,0,0,0,3,0,0,0,0,0,0,0,0,0,0,0,0,0,0,0,0,0,0
0,0,0,0,0,0,0,0,0,0,0,0,0,0,0,0,0,0,0,1,0,0,0,0,0,0,0,0,0,0
0,0,0,0,0,0,0,0,0,0,0,0,0,0,0,0,0,0,0,0,0,0,0,0,0,0,0,0,0,0
0,0,0,0,1,1,0,0,0,0,0,0,0,0,0,0,0,0,0,1,0,0,0,0,0,0,1,0,0,2
0,0,0,0,0,0,1,0,0,0,0,0,0,0,1,0,0,1,0,0,0,0,0,0,0,0,1,1,0,0
0,0,0,0,1,0,2,0,0,0,0,0,0,0,0,0,0,0,0,2,0,0,0,0,0,0,1,0,0,0
0,0,0,4,0,0,0,0,0,0,0,0,0,0,0,0,0,0,0,1,0,0,0,0,0,0,0,0,0,0
0,0,0,0,0,0,1,0,0,0,0,2,0,0,0,0,0,0,0,0,0,0,0,0,0,0,1,0,0,0
0,0,0,0,2,0,1,0,0,0,0,0,0,0,0,0,0,0,0,0,0,0,0,0,0,0,0,0,0,0
1,0,0,1,1,0,0,0,0,0,0,2,0,0,0,0,0,1,0,0,0,0,0,0,0,0,1,1,0,0
0,0,0,0,2,0,0,0,0,0,0,0,0,0,0,0,2,1,0,0,0,0,0,0,0,0,2,0,0,0
0,0,0,0,0,0,0,1,0,1,0,1,0,0,0,0,0,0,0,0,0,0,0,0,0,0,0,0,0,0
0,0,0,1,1,0,2,0,0,1,0,3,0,0,0,0,0,3,0,0,0,0,0,0,0,0,0,0,0,0
0,0,0,0,0,0,0,0,0,0,0,0,0,0,0,0,1,0,0,0,0,0,0,0,0,0,0,2,0,0
0,0,0,0,2,0,2,0,0,1,0,0,0,0,0,0,0,0,0,1,0,0,0,0,0,0,0,0,0,0
0,0,0,0,2,0,1,0,0,0,0,0,0,0,0,0,0,0,0,0,0,0,0,0,0,0,0,0,0,0
0,0,0,0,1,0,0,0,0,0,0,0,0,0,0,0,0,1,0,0,0,0,0,0,0,0,1,0,0,0
0,0,0,0,1,0,0,0,0,0,0,0,0,0,0,0,0,1,0,0,0,0,0,0,0,0,3,0,0,0
0,0,0,0,0,0,0,0,0,0,0,0,0,0,0,0,0,1,0,0,0,0,0,0,0,1,1,0,0,0
0,0,0,0,0,0,0,0,0,0,0,0,0,0,0,0,0,1,0,0,0,0,0,0,0,0,0,0,0,0
0,0,0,0,1,0,1,0,0,3,0,1,0,0,0,0,0,1,0,0,0,0,0,0,1,0,0,0,0,0
0,0,0,0,0,0,1,0,0,0,0,0,0,0,0,0,0,0,0,0,0,0,0,0,0,0,1,0,0,0
0,0,0,1,0,0,1,0,1,1,0,0,0,0,0,0,0,1,0,0,0,0,0,0,0,2,6,0,0,0
0,0,0,0,0,0,0,0,0,1,0,0,0,0,0,0,0,0,0,0,0,0,0,0,0,0,0,0,0,0
0,0,0,2,0,0,0,0,0,1,0,0,0,0,0,0,0,0,0,1,0,0,0,0,0,0,1,0,0,0
0,0,0,0,0,0,1,0,0,0,0,0,0,0,0,0,0,0,0,0,0,0,0,0,0,0,1,0,0,0
0,0,0,0,0,0,0,0,0,1,0,0,0,0,0,0,1,2,0,0,2,0,0,0,0,0,1,0,0,0
0,0,0,0,0,0,0,0,0,0,0,0,0,0,0,0,0,1,0,0,0,0,0,0,0,0,0,0,0,0
0,0,0,0,0,0,1,0,0,0,0,0,0,0,0,0,0,0,1,1,0,0,0,0,0,0,1,0,0,0
0,0,0,0,0,0,0,2,0,0,0,0,0,0,0,0,0,0,0,1,0,0,0,0,0,0,1,0,0,0
0,0,0,0,0,0,0,0,0,0,0,1,0,0,0,0,0,0,0,0,0,0,0,0,0,0,0,0,0,0
0,0,0,0,0,0,1,0,0,0,0,0,0,0,0,0,0,0,0,0,0,0,0,0,0,0,0,0,0,0
0,0,0,0,1,0,0,0,0,0,0,0,0,0,0,0,0,1,0,0,0,0,0,0,0,2,0,0,0,0
1,0,0,0,1,0,1,0,0,0,0,0,0,0,0,0,0,1,0,0,0,0,0,0,0,0,1,0,0,0
2,0,0,0,0,0,0,0,0,1,0,0,0,0,0,0,3,2,0,3,0,0,0,0,0,0,0,1,0,0
1,0,0,0,0,0,0,0,0,0,0,0,0,0,0,0,0,1,0,2,0,0,0,0,0,0,0,0,0,0
0,0,0,0,0,0,0,0,0,0,0,0,0,0,0,0,0,0,0,0,0,0,0,0,0,0,0,0,0,0
0,0,0,0,0,0,0,0,0,0,0,0,0,0,0,0,0,0,0,0,0,0,0,0,0,0,1,0,0,0
0,0,0,0,0,0,0,0,0,0,0,1,0,0,0,0,0,1,0,0,0,0,0,0,0,0,0,0,0,0
1,0,0,0,0,0,1,0,0,0,0,0,0,0,0,0,0,1,0,0,0,0,0,0,0,0,0,0,0,0
0,0,0,1,0,0,0,1,0,0,0,1,0,0,0,0,0,0,0,0,0,0,0,0,0,0,2,0,0,0
0,0,0,0,0,0,1,0,0,0,0,0,0,0,0,0,0,0,0,0,0,0,0,0,0,0,0,0,0,1
0,0,0,0,1,0,0,0,0,0,0,1,0,0,0,0,0,0,0,0,0,0,0,0,0,0,0,0,0,0
0,0,0,0,1,0,0,0,0,0,0,2,0,0,0,0,0,0,0,1,0,0,0,0,0,0,1,0,0,0
0,0,0,1,1,0,0,0,0,0,0,0,0,0,1,0,0,1,0,0,0,0,2,0,0,0,0,0,0,0
1,0,0,0,0,0,1,0,0,3,0,0,0,0,0,0,0,2,0,2,0,0,0,0,0,0,1,0,0,0
1,0,0,0,0,0,1,0,0,1,0,4,0,0,0,0,0,7,0,0,0,0,0,0,0,0,1,0,0,0
1,0,0,0,1,0,0,2,0,0,0,1,0,0,0,0,0,0,0,2,0,0,0,0,0,0,0,0,0,0
1,0,0,0,0,0,0,0,0,0,0,0,0,0,0,0,0,1,0,0,0,0,0,0,0,0,1,1,0,0
0,0,0,0,0,0,2,0,0,0,0,0,0,0,0,0,0,0,0,0,0,0,0,0,0,0,0,0,0,0
0,0,0,0,0,0,0,0,0,0,0,0,0,0,0,0,0,1,0,1,0,0,0,0,0,0,0,0,0,1
0,0,0,0,0,0,1,0,0,0,0,0,0,0,0,0,0,2,0,0,0,0,0,0,0,0,0,0,0,0
1,0,0,0,0,0,0,0,0,0,0,0,0,0,0,0,0,1,0,0,0,0,0,0,0,1,0,0,0,0
0,0,0,0,1,0,0,0,0,0,0,2,0,0,0,0,0,0,0,0,0,0,0,0,0,0,0,0,0,1
0,0,0,0,0,0,1,0,0,0,0,1,0,0,0,0,0,0,0,0,0,0,0,0,0,0,0,0,0,0
0,0,0,0,0,0,1,0,0,0,0,0,0,0,0,0,0,1,0,0,0,0,0,0,0,0,0,0,0,1
0,0,0,0,1,0,0,0,0,0,0,0,0,0,0,0,0,2,0,0,0,0,0,0,0,0,0,0,0,1
0,0,0,0,2,0,1,0,0,0,0,1,0,0,0,0,0,0,0,0,1,0,0,0,0,0,0,0,0,0
1,0,0,0,0,0,1,1,0,2,0,3,0,0,0,0,0,1,0,1,0,0,0,0,0,0,0,0,0,1
0,0,0,0,0,0,0,0,0,0,0,0,0,0,0,0,0,1,0,0,0,0,0,0,0,0,1,0,0,0
0,0,0,0,0,0,0,0,0,1,0,1,0,0,0,0,0,1,0,2,0,0,0,0,0,0,0,0,0,0
0,0,0,0,1,0,1,0,0,0,0,1,0,0,0,0,0,0,0,2,0,0,0,0,0,0,0,0,0,0
0,0,0,0,0,0,1,0,0,0,0,0,0,0,0,0,0,0,0,1,0,0,0,0,0,0,0,0,0,0
0,0,0,0,0,0,1,0,0,0,0,0,0,0,0,0,0,0,0,0,0,0,0,0,0,0,2,0,0,0
0,0,0,0,0,0,0,0,0,0,0,0,0,0,0,0,0,0,0,0,0,0,0,0,0,0,0,0,0,0
0,0,0,0,0,0,0,0,0,0,0,0,0,1,0,0,0,0,0,0,0,0,0,0,0,0,0,0,0,0
0,0,0,0,1,0,0,0,0,0,0,0,0,0,0,0,0,0,0,0,0,0,0,0,0,0,0,0,0,0
0,0,0,0,0,0,0,0,0,0,0,0,0,0,0,0,0,1,0,0,0,0,0,0,0,0,1,0,0,0
0,0,0,0,1,0,0,0,0,0,0,1,0,0,0,0,0,0,0,0,0,0,0,0,0,0,2,0,0,0
0,0,0,0,0,0,0,0,0,0,0,0,0,0,0,0,0,0,0,2,0,0,0,0,0,0,1,0,0,0
0,0,0,0,0,0,1,0,0,2,0,0,0,0,0,0,0,7,0,0,0,0,0,0,0,0,2,0,0,0
1,0,0,0,0,0,0,0,0,0,0,0,0,0,0,0,0,0,0,0,0,0,0,0,1,0,0,1,0,0
3,0,0,0,0,0,0,0,0,0,0,0,0,0,0,0,0,0,0,0,0,0,0,0,0,0,1,0,0,0
0,0,0,0,0,0,0,0,0,0,0,1,0,0,0,0,0,1,0,0,0,0,0,0,0,0,1,0,0,0
0,0,0,0,1,0,0,2,0,0,0,0,0,0,0,0,0,0,0,0,0,0,0,0,0,0,0,0,0,0
0,0,0,0,0,0,0,0,0,0,0,0,0,0,0,0,0,2,0,0,0,0,0,0,0,0,2,0,0,0
0,0,0,0,0,0,0,0,0,0,0,0,0,0,0,0,0,1,0,0,0,0,0,1,0,0,1,0,0,0
0,0,0,0,0,0,0,0,0,0,0,0,0,0,0,0,0,0,0,0,0,0,0,0,0,0,0,0,0,0
0,0,0,0,0,0,1,0,0,0,0,1,0,0,0,0,0,0,0,1,0,0,0,0,0,0,0,0,0,0
0,0,0,0,1,0,0,0,0,0,0,0,0,0,0,0,0,0,0,0,0,0,1,0,0,0,0,0,0,0
0,0,0,0,0,0,0,0,0,0,0,1,0,0,0,0,0,1,1,0,0,0,0,0,0,0,0,1,0,0
0,0,0,0,0,0,0,0,0,0,0,0,0,0,0,0,0,1,0,0,0,0,0,0,0,0,0,0,0,0
1,0,0,0,1,0,1,0,0,0,0,2,0,0,2,0,0,1,1,1,1,0,0,0,0,0,2,0,0,0
0,0,0,0,0,0,0,0,0,0,0,0,0,0,0,0,0,2,0,0,0,0,0,0,0,0,0,0,0,0
0,0,0,0,0,0,0,0,0,0,0,0,0,0,0,0,0,0,0,1,0,0,0,0,0,0,0,0,0,0
0,0,0,0,0,0,0,0,0,0,0,0,0,0,0,0,0,0,0,0,0,0,0,2,0,0,1,0,0,0
0,0,0,1,1,0,1,0,0,0,0,0,0,0,0,0,0,2,0,0,0,0,0,0,0,0,0,0,0,1
0,0,0,0,0,0,0,0,0,0,0,0,0,0,0,0,0,1,0,0,0,0,0,0,0,0,0,0,0,0
0,0,0,0,1,0,2,0,0,0,0,0,0,0,0,0,0,0,0,0,1,0,0,0,0,0,0,0,0,1
1,0,0,0,0,0,2,0,0,0,0,0,0,0,0,0,0,1,0,0,0,0,0,0,0,0,0,0,0,0
1,0,0,0,0,0,0,0,0,0,0,0,0,0,0,0,0,0,0,0,0,0,2,0,1,0,0,0,0,0
0,0,0,0,0,0,0,0,0,0,0,0,0,0,0,0,0,0,0,0,0,0,0,0,0,0,1,0,0,0
1,0,0,0,1,0,0,0,0,0,0,0,0,0,0,0,0,2,0,0,0,0,2,0,0,0,0,0,0,0
0,0,0,0,0,0,0,0,0,0,0,1,0,0,0,0,0,0,0,0,0,0,0,0,0,0,0,0,0,0
0,0,0,0,1,0,0,0,0,0,0,0,0,0,0,0,0,0,0,0,0,0,1,0,0,1,0,0,0,0
0,0,0,0,0,0,2,0,0,1,0,0,0,0,0,0,0,3,0,0,0,0,0,0,0,0,0,0,0,0
0,0,0,0,1,0,0,0,0,0,0,0,0,0,0,0,0,0,0,0,0,0,0,0,0,0,1,0,0,0
0,0,0,0,0,0,0,0,0,0,0,0,0,0,0,0,0,0,0,2,0,0,0,0,0,0,1,0,0,0
0,0,0,0,2,0,1,0,1,0,0,0,0,0,0,0,0,0,0,1,0,0,0,0,0,0,0,0,0,1
0,0,0,0,1,0,1,0,0,0,0,1,0,0,0,0,0,1,0,0,0,0,0,0,0,0,2,0,0,0
0,0,1,0,0,0,1,0,0,0,0,0,0,0,0,0,0,1,0,1,0,0,0,0,0,0,0,0,0,0
0,0,0,0,2,0,0,0,0,0,0,0,0,0,2,0,0,1,0,1,0,0,0,0,0,2,0,0,0,0
0,0,0,0,0,0,0,0,0,0,0,0,0,0,0,0,0,2,0,2,0,0,0,0,0,1,0,0,0,0
0,0,0,0,0,0,0,0,0,0,0,0,0,0,0,0,0,0,0,0,0,0,1,0,0,0,0,0,0,0
0,0,0,1,1,0,1,0,0,0,0,0,0,0,1,0,0,3,0,0,0,0,0,0,0,1,1,0,0,0
0,0,0,0,2,0,1,0,1,0,0,0,0,0,2,0,0,1,2,0,0,0,0,0,0,2,0,0,0,0
3,0,0,0,3,0,0,0,0,0,0,3,0,0,4,4,0,5,2,1,0,0,4,0,0,4,2,1,0,0
0,0,0,0,2,0,0,0,0,0,0,2,0,0,2,0,0,0,2,0,0,0,4,0,0,1,1,0,0,0
0,0,0,0,6,0,0,0,0,0,0,0,0,0,1,6,0,2,4,0,0,0,6,0,0,0,0,0,0,1
0,0,0,0,2,0,1,0,0,0,0,0,0,0,2,1,0,0,5,0,0,0,3,0,0,3,2,0,0,0
0,0,0,0,8,0,0,0,4,0,0,0,0,0,1,11,0,0,9,1,0,0,2,4,2,3,2,1,0,0
0,0,0,0,5,0,1,0,6,0,0,0,0,0,9,17,0,0,18,0,0,0,6,16,0,4,3,2,0,0
1,0,0,2,14,0,0,0,9,0,0,0,0,0,13,15,0,1,17,1,0,0,5,8,0,6,2,1,0,0
0,0,0,3,7,0,1,0,18,0,0,0,0,0,16,15,1,1,28,0,1,0,7,12,5,4,3,0,0,0
0,0,0,2,3,0,1,0,39,0,0,0,0,0,31,17,4,7,32,0,1,0,9,43,4,6,1,2,0,1
0,0,0,2,6,0,3,0,27,0,0,1,0,0,24,29,4,2,36,2,0,0,10,48,1,4,2,0,0,0
0,0,0,10,3,0,0,0,47,0,0,0,0,0,34,39,6,2,53,1,1,0,11,33,8,12,5,1,0,0
1,0,0,7,3,0,1,0,25,2,0,0,0,0,41,46,9,0,50,0,1,0,9,47,11,5,1,2,0,0
1,0,0,4,3,0,3,0,42,0,0,0,0,0,35,56,19,1,49,1,3,0,17,57,17,11,4,2,0,0
1,0,0,5,4,0,1,0,51,0,0,0,0,0,29,50,15,1,42,1,0,0,9,56,11,7,4,3,0,0
0,0,1,8,5,0,1,1,35,2,0,0,0,0,39,37,20,0,56,1,1,0,8,41,8,2,1,1,0,0
0,0,0,11,4,0,4,0,29,1,0,0,0,0,19,18,13,1,19,2,0,0,4,40,13,6,1,4,0,0
0,0,0,6,1,0,6,0,40,1,0,0,0,0,38,23,29,2,34,1,1,0,4,38,13,7,0,3,0,0
0,0,0,11,2,0,3,1,38,0,0,2,0,0,21,12,17,1,19,1,0,0,6,49,16,5,2,2,0,0
0,0,0,8,4,0,1,1,54,4,0,1,0,0,33,24,13,0,27,1,8,0,5,54,15,4,6,6,0,0
0,0,0,16,4,0,4,2,54,1,0,1,0,0,18,14,24,1,13,3,3,1,4,62,28,5,5,7,0,1
0,0,0,7,1,0,4,0,46,0,0,0,0,0,24,22,23,0,25,2,10,0,5,53,24,2,2,4,0,0
1,0,0,13,3,0,1,3,22,2,0,0,0,0,13,15,17,1,18,2,7,0,4,35,23,4,2,3,0,0
0,0,0,15,1,0,2,0,34,0,0,0,0,0,15,3,10,2,16,4,13,0,1,26,20,1,3,4,0,0
0,0,0,9,2,0,0,2,19,1,0,0,0,0,3,5,3,2,13,0,18,0,2,14,9,4,1,4,0,0
1,0,0,11,2,0,6,0,9,4,0,3,0,0,6,8,7,1,9,0,19,2,0,18,14,5,4,8,0,0
0,0,0,16,1,0,1,0,10,2,0,0,0,0,4,8,8,1,7,0,18,0,1,18,16,2,2,4,0,2
0,2,0,11,1,0,2,0,21,0,0,0,0,0,15,13,7,0,27,1,32,0,10,27,6,10,4,4,0,0
0,0,0,9,0,0,2,6,12,3,0,0,0,0,4,2,20,1,17,0,32,0,3,12,16,11,3,3,0,0
0,0,0,13,0,0,2,2,18,4,0,0,0,0,10,8,5,1,16,2,31,0,3,21,10,14,6,2,0,1
1,1,0,10,1,0,1,2,10,5,0,0,0,0,6,6,5,0,27,2,35,0,4,17,6,13,7,3,0,3
0,1,0,9,0,0,2,2,7,4,0,1,0,0,4,7,8,0,14,0,33,0,0,9,6,11,1,7,0,0
3,0,0,13,0,1,2,0,13,4,0,2,0,0,6,6,9,0,16,2,34,0,3,21,5,8,2,2,0,0
2,0,0,14,0,0,1,3,13,2,0,2,0,1,3,5,5,1,9,1,32,0,9,11,17,7,3,2,0,1
0,0,0,11,0,0,0,2,8,9,2,1,0,4,0,2,14,0,9,2,39,0,7,10,15,10,1,9,0,0
0,0,0,10,0,0,0,3,7,2,0,0,0,0,2,4,7,1,11,1,36,0,4,22,7,8,2,8,0,2
0,0,0,21,0,0,1,3,10,8,0,1,0,1,7,5,20,2,10,1,32,0,3,18,22,6,0,8,0,0
3,0,0,28,0,0,1,6,5,3,0,4,0,0,6,3,11,0,17,1,28,0,3,18,25,6,1,9,0,2
0,0,0,23,1,0,1,6,3,3,0,2,0,0,1,2,12,0,6,1,23,0,0,12,18,2,0,7,0,4
0,0,0,26,1,0,0,4,5,6,1,0,0,1,7,4,16,4,3,0,19,0,7,14,23,9,0,12,0,0
0,0,1,14,3,0,3,3,12,0,0,0,0,0,15,2,11,2,7,1,13,0,2,22,23,2,0,11,0,1
0,1,1,12,2,0,0,0,10,1,0,0,0,0,20,7,1,4,0,0,6,0,0,30,8,0,1,8,0,1
0,1,1,10,1,0,0,0,12,2,0,0,0,0,8,0,3,2,2,1,5,0,0,22,7,0,1,7,0,0
0,0,2,6,1,0,0,0,2,1,1,0,0,0,7,0,0,3,0,0,5,0,1,23,2,1,0,6,0,0
0,0,1,7,1,0,1,0,15,0,0,0,0,0,7,3,0,2,0,2,6,0,1,11,7,2,1,5,0,0
3,0,2,3,4,0,0,0,3,0,0,0,0,0,2,0,3,4,1,0,3,0,1,11,1,1,0,6,0,0
1,0,2,4,3,0,0,0,0,1,0,0,0,0,0,0,8,5,0,0,9,0,1,3,12,4,2,8,0,2
2,0,2,18,4,0,2,2,5,1,0,0,0,0,0,0,21,6,0,0,6,0,0,11,9,6,2,11,0,1
0,0,2,4,3,0,0,1,2,2,0,0,0,0,0,0,17,6,0,0,11,0,0,6,16,1,1,10,0,0
1,0,2,6,4,0,1,0,4,2,0,3,0,0,1,2,3,8,0,2,9,0,2,3,2,2,1,6,0,1
0,0,2,7,4,0,1,1,5,1,0,1,0,0,0,1,5,4,3,1,6,0,3,4,2,3,0,8,0,0
0,0,2,10,2,0,1,1,2,2,0,0,0,0,3,1,6,4,0,0,7,0,1,4,0,2,4,8,0,1
1,0,2,3,3,0,1,2,2,0,0,1,0,0,1,1,3,6,1,2,6,0,0,0,4,3,0,5,0,0
1,0,2,2,1,0,5,5,2,1,0,1,0,0,2,1,5,4,1,3,4,0,0,4,7,3,1,11,0,1
2,0,0,5,3,0,2,1,1,0,0,0,0,0,0,0,8,6,2,3,10,0,0,5,2,3,1,8,0,0
1,0,1,0,2,0,0,3,2,0,0,0,0,0,0,3,4,3,0,0,2,0,2,0,1,1,6,5,0,0
1,0,1,2,1,0,1,3,1,0,0,1,0,0,1,1,7,4,0,0,6,0,2,0,8,1,3,6,0,2
1,0,0,7,1,0,0,5,6,3,0,1,0,0,1,1,2,1,0,0,11,0,1,6,6,0,4,9,0,1
1,0,0,3,0,0,0,3,1,0,0,2,0,0,6,2,5,0,2,0,12,0,0,6,7,1,1,12,0,0
1,0,0,5,1,0,1,2,5,0,0,0,0,0,0,2,5,0,0,1,9,0,2,4,7,1,2,7,0,2
1,0,2,5,1,0,1,2,0,10,0,1,0,2,0,0,5,1,0,2,12,0,0,0,4,2,2,9,0,2
3,0,4,4,1,0,0,5,0,0,0,3,0,1,0,0,6,3,2,1,12,0,0,5,5,2,3,7,0,1
1,0,0,5,0,0,0,0,0,0,0,0,0,0,0,0,6,0,1,1,8,0,0,1,7,0,3,8,0,6
2,0,0,8,0,1,0,4,0,1,0,0,0,0,0,0,3,1,4,1,9,0,2,8,5,0,2,13,0,2
0,0,0,4,0,1,0,2,1,5,0,1,0,0,0,1,5,0,0,1,8,1,1,10,6,4,2,15,0,2
1,0,0,4,0,0,2,5,0,1,0,0,0,0,0,0,3,0,0,1,4,0,2,1,6,3,1,16,0,0
1,0,0,11,1,1,0,0,0,0,0,1,0,2,2,1,15,0,1,0,4,0,0,5,9,1,8,15,0,1
0,0,0,9,0,0,1,7,1,9,0,0,0,0,0,0,12,0,0,0,2,0,0,2,13,0,5,20,0,0
0,0,0,11,0,0,2,26,2,11,0,1,0,1,0,1,10,0,0,2,4,0,0,1,5,0,4,15,0,2
0,0,0,8,0,0,0,8,0,20,0,0,0,0,0,1,10,0,1,1,1,0,0,3,9,0,3,18,0,0
0,0,0,4,0,0,1,9,0,9,0,1,0,1,0,0,11,2,1,1,0,0,0,2,11,0,3,17,0,0
0,0,0,2,0,0,1,14,0,19,0,0,0,0,0,0,7,0,1,3,0,0,0,4,7,0,1,11,0,2
3,0,0,4,0,0,2,4,0,6,0,0,0,0,0,0,10,1,0,0,1,0,0,1,12,0,1,15,0,1
3,0,0,3,0,2,4,6,0,5,0,2,0,0,0,0,3,1,0,2,0,0,0,3,10,1,2,12,0,0
0,0,0,3,0,0,0,2,0,3,0,1,0,0,0,0,2,0,0,1,0,0,0,7,4,0,1,8,0,1
0,0,0,2,0,0,1,4,0,2,0,1,1,0,0,0,2,2,0,1,0,0,0,6,3,0,2,9,0,0
0,0,0,0,0,0,0,2,0,2,0,0,0,0,0,0,1,0,0,0,0,0,0,0,1,0,0,3,0,0
0,0,0,2,0,0,1,2,0,2,0,0,0,0,0,0,2,0,0,2,0,0,0,1,1,0,1,1,0,0
0,0,0,1,0,0,1,1,0,1,0,1,0,0,0,0,0,2,0,1,1,0,0,0,1,0,0,1,0,0
0,0,0,1,0,0,1,0,0,1,0,0,0,0,0,0,0,0,0,1,0,0,0,1,0,0,0,0,0,0
0,0,0,0,0,0,1,0,0,0,0,1,0,0,0,0,1,0,0,1,0,0,0,0,1,0,1,0,0,0
0,0,0,2,0,0,0,0,0,0,0,0,0,0,0,0,0,0,0,1,0,0,0,0,0,0,1,1,0,0
0,0,0,0,0,0,1,0,0,0,0,0,0,0,0,0,0,1,0,0,0,0,0,0,0,0,1,0,0,1
0,0,0,0,1,0,0,1,0,0,0,2,0,0,0,0,0,2,0,1,0,1,0,0,0,0,1,1,0,0
0,0,0,0,0,2,2,0,0,0,0,0,0,0,0,0,0,0,0,1,0,0,1,0,0,0,1,0,0,0
3,0,0,0,0,0,4,1,0,0,0,1,0,0,0,0,0,0,0,3,0,0,0,1,0,0,0,0,0,1
0,0,0,0,0,0,0,0,0,2,0,0,0,0,0,0,0,0,0,0,0,0,0,0,0,0,0,0,0,0
0,0,0,0,0,0,0,0,0,0,0,1,0,0,0,0,0,2,0,0,0,0,0,0,0,1,1,0,0,0
0,0,1,0,0,0,1,0,0,0,0,1,0,0,0,0,0,0,0,0,0,0,0,0,0,0,0,0,0,0
0,0,0,0,0,0,1,0,0,0,0,0,0,0,0,0,0,0,0,1,0,0,0,0,0,0,1,0,0,0
0,0,0,0,0,0,0,0,0,0,0,0,0,0,0,0,0,1,0,0,0,0,0,0,0,0,2,0,0,0
0,0,0,0,0,0,1,0,0,0,0,1,0,0,1,0,0,0,0,0,0,0,0,0,0,0,0,0,0,0
0,0,0,0,0,0,2,0,0,0,0,1,0,0,0,0,0,1,0,1,0,0,0,0,0,0,1,0,0,0
0,0,0,0,0,0,0,0,0,0,0,1,0,0,0,0,0,0,0,0,0,0,0,0,0,1,0,0,0,0
0,0,0,0,0,0,0,0,0,0,0,0,0,0,0,0,0,0,0,0,0,0,0,0,0,0,2,0,0,2
0,0,0,0,0,0,2,0,0,0,0,2,0,0,0,0,0,1,0,0,0,0,0,0,0,0,0,0,0,0
0,0,0,0,0,0,0,0,0,0,0,0,0,0,0,0,0,0,0,0,0,0,0,0,0,0,0,0,0,0
2,0,0,0,0,0,5,0,0,0,0,1,0,0,0,0,0,0,0,0,0,0,0,0,0,1,4,0,0,0
0,0,0,0,0,0,0,0,0,0,0,0,0,0,0,0,0,1,0,0,0,0,0,0,0,0,0,0,0,1
0,0,0,0,0,0,1,0,0,0,0,0,0,0,0,0,0,1,0,0,0,0,0,0,0,2,1,1,0,0
0,0,0,0,0,0,0,0,0,0,0,1,0,0,0,0,0,1,0,0,0,0,0,0,0,0,1,0,0,0
0,0,0,0,1,0,0,0,0,0,0,1,0,0,0,0,0,0,0,0,0,0,0,0,0,0,2,0,0,0
0,0,0,0,1,0,0,0,0,0,0,0,0,0,0,0,0,1,0,0,0,0,0,0,0,0,1,0,0,1
0,0,0,0,0,0,0,0,0,0,0,1,0,0,0,0,0,1,0,1,0,0,0,0,0,1,0,0,0,0
0,0,0,0,0,0,0,0,0,0,0,1,0,0,0,0,0,1,0,0,0,0,0,0,0,0,0,0,0,0
0,0,0,0,0,0,0,0,0,0,0,0,0,0,0,0,0,2,0,0,0,0,0,0,0,0,0,0,0,1
0,0,0,0,0,0,0,1,0,1,0,0,0,0,0,0,0,1,0,0,0,0,0,0,0,0,1,0,0,1
0,0,0,0,2,0,0,0,0,0,0,0,0,0,1,1,0,0,0,1,0,0,0,0,0,2,0,0,0,3
0,0,0,0,1,0,0,0,0,0,0,0,0,0,0,0,0,2,0,0,0,0,0,0,0,1,0,0,0,2
0,0,0,0,0,0,0,0,0,2,0,2,0,0,0,0,0,1,0,0,0,0,0,1,0,2,5,0,0,3
1,0,0,0,0,1,1,0,0,0,0,0,0,0,0,0,0,0,0,0,0,0,0,0,0,0,1,0,0,1
0,0,0,0,1,0,0,0,0,0,0,1,0,0,0,0,0,0,0,2,0,0,0,0,0,2,0,0,0,0
0,0,0,0,0,0,1,0,0,0,0,1,0,0,0,0,0,0,0,0,0,0,0,0,0,0,0,0,0,1
0,0,0,0,0,0,1,0,0,0,0,0,0,0,0,0,0,0,0,1,0,0,0,0,0,0,0,0,0,0
0,0,0,0,0,0,1,0,0,0,0,1,0,0,0,0,0,1,0,0,0,0,1,0,0,0,0,0,0,2
0,0,0,0,0,0,0,0,0,0,0,0,0,0,0,0,0,0,0,0,0,0,0,0,0,0,0,0,0,0
0,0,0,0,1,0,0,0,0,0,0,0,0,0,0,0,0,0,0,2,0,0,0,0,0,0,0,0,0,0
0,0,0,0,0,0,2,0,0,0,0,1,0,0,0,0,0,1,0,2,0,0,0,0,0,0,0,0,1,0
1,0,0,0,0,0,0,0,0,0,0,0,0,0,0,0,0,0,0,2,0,0,0,0,0,0,0,0,0,2
0,0,0,0,0,0,2,0,0,0,0,0,0,0,0,0,0,0,0,1,0,0,0,0,0,0,1,0,0,1
0,0,0,0,0,0,3,0,0,0,0,0,0,0,0,0,0,0,0,1,0,0,0,0,0,0,0,0,0,0
0,0,0,0,1,0,2,0,0,0,0,1,0,0,0,0,0,1,1,0,0,0,1,0,1,5,2,0,0,0
0,0,0,0,0,0,2,0,0,0,0,0,0,0,0,0,0,1,0,0,0,0,0,0,0,0,0,0,0,1
0,0,0,0,0,0,0,0,0,0,0,0,0,0,0,0,0,0,0,0,0,0,0,0,0,0,1,0,0,0
0,0,0,0,0,0,0,0,0,0,0,0,0,0,0,0,0,0,0,0,0,0,0,0,0,0,1,0,0,0
0,0,0,0,2,0,0,0,0,0,0,0,0,0,0,0,0,0,1,0,0,0,0,0,0,0,2,0,0,0
0,0,0,0,0,0,1,0,0,0,0,0,0,0,0,0,0,0,0,0,0,0,0,0,0,0,0,0,0,2
0,0,0,0,0,0,0,0,0,0,0,1,0,0,0,0,0,0,0,2,0,0,0,0,0,0,0,0,0,0
0,0,0,0,0,0,0,0,0,0,0,1,0,0,0,0,0,1,0,0,0,0,0,0,0,0,0,0,0,0
1,0,0,0,0,0,1,0,0,0,0,0,0,0,0,0,0,0,0,0,0,0,0,0,0,0,1,0,0,0
1,0,0,0,0,0,1,0,0,0,0,1,0,0,1,0,0,0,0,0,0,0,0,0,1,0,2,0,0,1
0,0,0,0,0,0,0,0,0,1,0,0,0,0,0,0,0,0,0,0,0,0,0,0,0,0,1,0,0,1
0,0,0,0,0,0,1,0,0,1,0,0,0,0,0,0,0,0,0,0,1,0,0,0,0,0,1,0,0,0
0,0,0,0,1,0,2,0,0,0,0,0,0,0,0,0,0,0,0,0,0,0,0,0,0,1,2,0,0,1
0,0,0,0,0,0,0,0,0,0,0,0,0,0,0,0,1,0,0,0,0,0,0,0,0,0,2,0,0,0
0,0,0,0,1,0,0,0,0,0,0,1,0,0,0,0,0,0,0,0,0,0,0,0,0,0,1,0,0,0
0,0,0,0,1,0,1,0,0,0,0,0,0,0,0,0,0,1,0,0,0,0,0,0,0,0,0,0,0,0
2,0,0,0,0,0,1,0,0,0,0,0,0,0,0,0,0,3,0,0,0,0,0,0,0,0,2,0,0,2
0,0,0,0,0,0,0,0,0,0,0,0,0,0,0,0,0,1,0,0,0,0,0,0,0,0,0,0,0,0
0,0,0,0,0,0,1,0,0,0,0,0,0,0,0,0,0,0,0,0,0,0,0,0,0,0,0,1,0,0
0,0,0,0,0,0,0,0,0,0,0,0,0,0,0,0,0,0,0,0,0,0,0,0,0,0,1,0,0,0
0,0,0,0,0,0,1,0,0,0,0,0,0,0,0,0,0,1,0,0,0,0,0,0,0,0,0,0,0,0
0,0,0,0,0,0,1,0,0,0,0,0,0,0,0,0,0,0,0,0,0,0,0,0,0,0,1,0,0,0
0,0,0,0,0,0,2,0,0,0,0,0,0,0,0,0,0,1,0,0,0,0,0,0,0,0,0,0,0,0
0,0,0,0,0,0,0,0,0,0,0,1,0,0,0,0,0,1,0,1,0,0,0,0,0,0,1,0,0,0
0,0,0,0,0,0,2,0,0,0,0,1,0,0,0,1,0,0,1,0,0,0,0,0,1,0,0,0,0,0
0,0,0,0,1,2,0,0,0,0,0,0,0,0,0,0,0,2,0,1,0,0,0,0,0,0,3,0,0,0
0,0,0,0,2,0,0,0,0,0,0,0,0,0,0,0,0,0,0,0,0,0,0,2,0,0,0,0,0,0
0,0,0,0,1,0,1,0,0,0,0,0,0,0,0,0,0,0,0,0,0,0,0,0,0,0,0,0,0,0
0,0,0,0,0,0,0,0,0,0,0,0,0,0,0,0,0,1,0,1,0,0,0,0,0,0,3,0,0,0
0,0,0,0,0,0,0,0,0,0,0,0,0,0,0,0,0,0,0,0,0,0,0,0,0,0,0,0,0,0
0,0,0,0,1,0,0,0,0,2,0,3,0,0,0,0,0,1,0,2,0,0,0,0,0,0,1,0,0,0
0,0,0,1,0,0,0,0,0,0,0,0,0,0,0,0,0,1,0,0,0,0,0,2,0,2,0,0,0,0
0,0,0,1,0,0,0,0,1,1,0,1,0,0,0,0,0,1,0,0,0,0,0,0,0,0,0,1,0,0
0,0,0,0,0,0,2,0,0,0,0,3,0,0,0,0,0,1,0,1,0,0,0,0,0,0,1,0,0,0
0,0,0,0,0,0,0,0,0,1,0,0,0,0,0,0,0,1,0,1,0,0,0,0,0,0,0,1,0,0
0,0,0,0,1,0,0,0,0,0,0,1,0,0,0,0,0,1,0,0,1,0,0,0,0,0,0,1,0,0
0,0,0,0,1,0,0,3,0,2,0,1,0,0,0,0,0,3,3,1,0,0,0,0,0,0,4,0,0,1
0,0,0,0,0,0,2,0,0,0,0,0,0,0,0,0,0,0,0,0,0,0,0,0,0,0,0,0,0,0
0,0,0,0,0,0,0,0,0,0,0,0,0,0,0,0,0,0,0,0,0,0,0,1,0,0,0,0,0,0
0,0,0,0,1,0,1,0,0,0,0,0,0,0,0,0,0,0,0,0,0,0,0,0,0,0,0,0,0,0
0,0,0,0,1,0,0,0,0,0,0,2,0,0,0,0,0,0,0,1,0,0,0,0,0,0,0,0,0,0
0,0,0,0,0,0,0,0,0,0,0,0,0,0,0,0,0,1,0,0,0,0,0,0,0,0,0,0,0,0
0,0,0,0,0,0,0,0,0,0,0,0,0,0,0,0,0,0,0,0,0,0,0,0,0,0,1,0,0,0
0,0,0,0,0,0,2,0,0,0,0,0,0,0,0,0,0,0,0,1,0,0,0,0,0,0,0,0,0,0
0,0,0,0,0,0,1,0,0,0,0,0,0,0,0,0,0,0,0,0,0,0,0,0,0,1,1,0,0,0
0,0,0,0,1,0,0,0,0,0,0,1,0,0,0,0,0,0,0,0,0,0,0,0,0,0,1,0,0,0
0,0,0,0,0,0,1,0,0,0,0,0,0,0,0,0,0,0,0,0,0,0,0,0,2,0,0,0,0,0
0,0,0,0,0,0,0,0,0,0,0,2,0,0,0,0,0,0,0,0,0,0,0,0,0,0,1,0,0,0
0,0,0,0,1,0,0,0,0,1,0,0,0,0,0,0,0,1,0,1,0,0,0,0,0,0,2,0,0,3
0,0,0,0,0,0,0,0,0,0,0,3,0,0,0,0,0,0,0,0,0,0,0,0,0,0,1,0,0,0
0,0,0,0,0,0,0,0,0,0,0,0,0,0,0,0,0,0,0,1,0,0,0,0,0,0,2,0,0,0
0,0,0,0,1,0,0,0,0,0,0,0,0,0,0,0,0,0,0,0,0,0,0,0,0,0,0,0,0,0
0,0,0,0,0,0,2,0,0,0,0,2,0,0,0,0,0,0,0,1,0,0,0,0,0,0,1,0,0,0
0,0,0,0,0,0,0,0,0,0,0,3,0,0,0,0,0,0,0,0,0,0,0,0,0,0,0,0,0,1
0,0,0,0,0,0,0,0,0,0,0,0,0,0,0,0,0,0,0,0,0,0,0,0,0,0,0,1,0,0
0,0,0,0,0,0,0,0,0,0,0,1,0,0,0,0,0,0,0,1,0,0,0,0,0,0,0,0,0,0
0,0,0,0,0,0,0,0,0,0,0,1,0,0,0,0,0,1,0,1,0,0,0,0,0,1,0,0,0,0
0,0,0,0,0,0,2,0,0,0,0,1,0,0,0,0,0,1,0,2,0,0,0,0,0,0,1,0,0,0
