0,0,0.78645,0,0,0,0,0,0,0,0,0.38238,0,0,0,0,0,0.13337,0,0,0,0,0,0,0,0,0,0,0,0
0,0,0,0,0.2229,0,0,0,0,0,0,0,0,0,0,0,0,0,0,0,0,0,0,0,0,0.65261,0.17218,0,0,0
0,0,0.070218,0,0.15921,0,0.022824,0,0,0,0,0.13657,0,0,0,0,0,0.095261,0,0.092663,0.065449,0,0.23641,0,0,0.23308,0,0,0,0
0,0,0,0,0,0.37128,0,0,0,0,0,0,0,0,0,0,0,0.11114,0,0.21621,0,0,0.41373,0,0,0.21754,0,0,0,0
0,0,0,0,0.16717,0.13923,0.079885,0,0,0.091554,0,0,0,0.14119,0,0,0,0.16671,0,0.054054,0,0,0.10343,0,0,0.081577,0,0,0,0.082091
0,0.74112,0.61441,0.21512,0,0.13923,0.039942,0,0,0,0,0,0,0,0,0,0,0.083354,0,0,0,0,0,0,0,0,0,0,0,0
0,0.24964,0,0,0.093852,0.58623,0.16818,0,0,0.1542,0.11671,0,0,0,0,0,0,0,0,0.045519,0,0.1408,0,0,0,0,0,0,0,0
0,0.13175,0.21846,0,0.049533,0.12376,0.071009,0,0,0.081381,0.12319,0,0.44588,0,0,0,0,0.037046,0,0.096095,0,0,0.091939,0,0,0,0.038262,0,0.15528,0
0,0.5082,0,0,0,0.07956,0.091297,0.061464,0,0.052316,0.15839,0,0.19109,0.080682,0,0,0,0.023815,0,0.061776,0,0.19109,0,0,0,0,0,0,0.49912,0
0,0.24534,0,0,0.015372,0.4609,0.088149,0,0,0.075768,0.038232,0.016482,0.41513,0,0,0,0,0.011497,0,0,0,0.41513,0,0,0,0,0,0,0.33734,0
0,0.31621,0.13107,0,0,0,0.042605,0,0,0,0.44349,0.06373,0.3567,0,0,0,0,0.13337,0,0,0,0,0,0,0,0,0.091828,0,0,0
0.090876,0.27901,0,0,0,0.91728,0,0,0,0.086168,0,0,0.62947,0,0,0,0,0,0,0,0,0,0,0,0,0,0.081025,0,0,0
0.14045,0,0,0,0.16211,0.20252,0,0,0,0,0,0.17381,0.97282,0,0,0,0,0,0,0,0,0.24321,0,0,0,0,0,0,0,0
0.34331,0,0,0.19122,0,0,0.071009,0,0,0,0,0.21243,0,0,0,0,0,0,0,0.19219,0,0,0,0,0,0,0.076524,0,0,0
0,0,0,0,0,0.31824,0.18259,0,0,0,0,0,0,0.32273,0,0,0,0.095261,0,0,0,0,0.23641,0,0,0,0.098388,0,0,0
0,0,0,0,0.17832,0,0.12782,0,0,0,0,0.19119,0,0,0,0,0,0.13337,0,0,0,0,0.33098,0,0,0,0,0,0,0
0,0,0,0,0.11888,0,0.042605,0,0,0,0,0,0,0,0,0.27203,0,0.088911,0,0.057657,0,0,0.11033,0,0,0.087015,0.091828,0.1979,0,0.087564
0,0,0,0.14342,0,0,0,0,0,0,0,0,0,0,0.16318,0.17002,0,0,0,0.28829,0,0,0.13791,0.31867,0,0,0,0,0,0.21891
0,0,0,0,0.11145,0,0,0,0,0,0,0,0,0,0,0,0,0.083354,0.69511,0.10811,0,0,0,0,0,0,0.086089,0.18553,0,0
0,0,0.19661,0,0.17832,0,0.063908,0,0,0,0,0.095596,0,0,0,0,0,0,0,0.086486,0,0,0,0,0,0.39157,0.068871,0,0,0
0,0,0,0,0.12737,0,0,0,0,0,0,0.27313,0,0,0,0,0,0.095261,0,0,0,0,0,0,0,0.18646,0.098388,0.21204,0,0
0,0,0,0,0,0,0,0,0,0,0,0.13657,0,0.64546,0,0,0,0,0,0,0,0,0,0,0,0.37292,0.098388,0,0,0.18764
0,0,0,0.38244,0,0,0.071009,0,0,0,0,0.10622,0,0,0,0,0,0.22228,0,0.096095,0,0,0,0,0,0,0,0.16492,0,0
0,0,0,0,0.08916,0,0,0,0,0,0,0.095596,0,0,0,0,0,0,0,0.17297,0,0,0.33098,0,0,0.39157,0.068871,0,0,0
0,0,0.32769,0,0,0,0,0,0,0,0,0.15933,0,0.37652,0,0,0,0.11114,0,0.28829,0,0,0,0,0,0,0,0,0,0
0,0.18243,0,0,0,0,0,0,0,0,0.17057,0.29414,0,0,0,0,0,0.051295,0,0.13306,0,0,0.2546,0,0,0.2008,0,0,0,0
0,0.3388,0,0,0.12737,0.31824,0.045649,0,0,0,0.15839,0.20485,0,0,0,0,0,0,0,0.12355,0,0,0,0.13657,0,0,0,0,0,0
0,0,0,0,0,0,0.42605,0,0,0,0,0,0,0,0,0,0,0.22228,0,0,0,0,0,0,0,0,0,0,0,0
0,0,0,0,0,0,0,0,0,0,0,0.47798,0,0,0,0,0,0,0,0,0,0,0,0,0,0.65261,0,0,0,0
0,0,0,0,0.2229,0,0.15977,0,0,0,0,0,0,0,0,0,0,0,0,0.21621,0,0,0,0,0,0,0.17218,0,0,0
0,0,0,0,0.1486,0,0.21303,0,0,0,0,0,0,0,0,0,0,0.11114,0,0.28829,0,0,0,0,0,0,0,0,0,0
0,0,0,0.3442,0.17832,0,0,0,0,0,0,0.19119,0,0,0,0,0,0.13337,0,0.17297,0,0,0,0,0,0,0,0,0,0
0,0,0,0,0,0,0,0,0,0,0,0,0,0,0,0,1.8326,0,0,0,0,0,0,0,0,0,0,0,0,0
0,0,0,0,0.1486,0,0,0,0,0,0,0,0,0,0,0,0,0.11114,0,0.14414,0,0,0,0,0,0.65261,0,0,0,0
0,0,0,0,0,0,0.31954,0,0,0,0,0.47798,0,0,0,0,0,0,0,0,0,0,0,0,0,0,0,0,0,0
0,0,0,0,0,0,0.21303,0,0,0,0,0,0,0,0,0,0,0,0,0,0,0.89175,0,0,0,0,0.11479,0,0,0.21891
0,0,0,0,0,0,0.12782,0,0,0,0,0.19119,0,0,0,0,0,0,0.74145,0.17297,0,0,0,0,0,0,0,0,0,0
0,0,0,0,0,0,0,0,0,0,0,0,0,0,0,0,0,0.66683,0,0,0,0,0,0,0,0,0,0,0,0
0.20599,0,0,0,0.05944,0,0.12782,0.11473,0,0,0,0.06373,0,0,0,0,0,0,0,0.11531,0,0,0,0,0,0.087015,0.13774,0,0,0.087564
0.38622,0,0,0,0.4458,0,0,0,0,0,0,0,0,0,0,0,0,0.16671,0,0,0,0,0,0,0,0,0,0,0,0
0,0,0,0.57366,0.1486,0,0,0,0,0.24414,0,0,0,0,0,0,0,0,0,0,0,0,0,0,0.30313,0,0,0.24738,0,0
0.2207,0,0,0,0.12737,0,0.091297,0,0,0,0,0,0,0,0,0,0,0,0,0.12355,0,0,0,0,0,0,0.29516,0,0,0
0.19311,0,0,0,0.11145,0,0.079885,0,0,0.73243,0,0,0,0,0,0,0,0,0,0,0,0,0,0,0,0,0,0,0,0.16418
0,0,0,0,0,0,0,0,0,0,0,0,0,0,0,0,0,0,0,0.43243,0,0,0,0,0,0,0,0.74214,0,0
0,0,0,0,0,0,0.091297,0,0,0,0,0,0,0,0,0,0,0.19052,0,0.4942,0,0,0,0,0,0,0,0,0,0
0,0,0,0,0.099066,0,0.071009,0,0,0,0,0.10622,0,0,0.43516,0,0,0.074092,0,0.096095,0,0,0,0,0,0,0.15305,0,0,0
0,0,0,0.10123,0.10489,0,0,0,0,0,0,0,0,0,0.11519,0,0.1078,0.11768,0,0.050874,0.1078,0,0,0.22495,0.10699,0,0.040513,0.08731,0,0.15452
0,0,0,0,0.099066,0,0.10651,0,0,0.081381,0,0,0,0,0,0,0.30543,0,0,0,0,0,0.091939,0,0.10104,0,0.11479,0.16492,0,0.14594
0,0,0,0.021247,0.04403,0,0,0,0.46754,0,0,0,0,0,0.16923,0.10075,0.045249,0.03293,0.2975,0.010677,0,0,0.061293,0.4485,0.022454,0,0.025508,0.018324,0,0.016216
0,0,0,0.052954,0.034292,0,0.004916,0.013238,0.29131,0,0,0,0,0,0.27114,0.18833,0.098677,0.010259,0.22814,0.039917,0,0,0.06365,0.32358,0.083944,0.040161,0.0052978,0.034252,0,0
0,0,0,0.10187,0.013888,0,0.0039818,0.0053613,0.22901,0.0045634,0,0,0,0,0.20741,0.27966,0.13702,0.010387,0.25986,0.0080828,0.028545,0,0.061865,0.23826,0.16998,0.040661,0.0021455,0.02312,0,0.0081835
0,0,0,0.024516,0.015241,0,0.0036415,0.0049031,0.22213,0.0083468,0,0.0081706,0,0,0.27895,0.33132,0.026105,0.0018998,0.29574,0.002464,0.11486,0,0.047148,0.29416,0.082908,0.055779,0.0098107,0.021144,0,0
0,0,0.0050284,0.070424,0.013682,0,0.0049034,0.017606,0.23929,0.026225,0.0056712,0.0024449,0,0.017333,0.14524,0.30264,0.056243,0,0.256,0.0066357,0.14061,0,0.080417,0.22495,0.093033,0.076778,0.0052842,0.037961,0,0
0.0088787,0,0,0.034618,0.01281,0,0.0018364,0.014836,0.12803,0.058931,0.0063719,0.002747,0,0.025967,0.084406,0.30486,0.021064,0.0019162,0.25567,0.017397,0.13165,0,0.14266,0.24175,0.099302,0.12002,0.0079162,0.034121,0,0.0037743
0.0046393,0,0.0059042,0.08269,0.01071,0,0.0038383,0.031009,0.12711,0.039591,0.013318,0.0057415,0,0.03392,0.11761,0.31247,0.022013,0.0020025,0.26719,0.015583,0.11006,0,0.13915,0.14355,0.049156,0.15678,0.0082728,0.035658,0.016787,0
0.0082836,0,0.026355,0.069209,0.007171,0,0,0.032297,0.12542,0.0432,0,0.0051258,0,0.060566,0.17325,0.1805,0.039305,0.0053632,0.1789,0.006956,0.113,0,0.18634,0.18454,0.063389,0.14347,0.011078,0.067648,0,0.010564
0.004465,0,0.02273,0.054714,0.0025769,0.012877,0,0,0.18027,0.059272,0,0.024866,0,0.026117,0.27732,0.20048,0.079447,0,0.16072,0.0099984,0.12712,0,0.10522,0.1271,0.089362,0.098081,0.015924,0.060057,0,0.022777
0.010841,0,0.013797,0.072463,0,0.031266,0.0022424,0.018116,0.31266,0.061678,0.0077804,0.013417,0,0.039633,0.26109,0.1217,0.083591,0,0.13008,0.0030346,0.11574,0,0.046453,0.24823,0.10211,0.073276,0.0096661,0.05208,0,0.0046086
0.028534,0,0.036313,0.072654,0.0023525,0.0058778,0.0033725,0.027245,0.3174,0.01546,0.017552,0.020178,0,0.041725,0.11884,0.032299,0.14506,0,0.073363,0.0022819,0.13055,0,0.065497,0.34306,0.16316,0.089541,0.0036344,0.054828,0,0.0069312
0.028434,0,0.042217,0.047512,0.0082049,0.0068334,0.0039207,0.015837,0.123,0.01348,0,0.029324,0,0.041579,0.13816,0.03755,0.29794,0,0.022744,0.010612,0.089943,0,0.065993,0.2522,0.30685,0.09609,0.0063378,0.054636,0,0.008058
0.01088,0.0083506,0,0.13938,0.0031394,0.023532,0,0.036359,0.21963,0.030948,0,0.01683,0,0.063637,0.0068951,0.0071839,0.29683,0,0.0065269,0.0091358,0.14196,0,0.064098,0.14138,0.28819,0.1103,0,0.088847,0.0098418,0.036999
0.043214,0,0.054996,0.10831,0.0093524,0.015578,0,0.04814,0.1402,0.015366,0.0077532,0.023398,0,0.023697,0.0068469,0.014267,0.29475,0.0023316,0.045369,0.018144,0.12174,0,0.092582,0.16045,0.25438,0.11866,0.0096323,0.057087,0,0.01837
0.0052908,0,0.060599,0.10609,0.0030534,0,0.0065659,0.053044,0.091549,0.065216,0.030376,0.019643,0,0.0077366,0.026825,0.034935,0.21338,0.0022837,0.069829,0.0059237,0.182,0,0.04534,0.14406,0.30521,0.062579,0.0070758,0.11691,0,0.044981
0.014173,0,0.0090189,0.26841,0.0040899,0.030656,0.0029316,0.031578,0.14306,0.047037,0,0.021926,0,0.031089,0.044913,0.028076,0.1345,0.0030589,0.042515,0.0039672,0.28582,0,0.015183,0.16665,0.16686,0.083822,0.0031592,0.12936,0,0.018075
0.0066879,0.0308,0.0085113,0.22351,0.0038597,0,0.0055332,0.0149,0.14465,0.012683,0,0.016553,0,0.0097797,0.093248,0.044161,0.119,0.0057734,0.14444,0,0.238,0,0.042984,0.17382,0.17322,0.11866,0.0089443,0.064254,0,0.02843
0.017656,0,0,0.27536,0.01019,0,0.0073038,0.039337,0.038189,0.033482,0,0.0054626,0,0.012909,0.10071,0.06995,0.25133,0,0.021184,0,0.2618,0,0.018913,0.17482,0.3014,0.022375,0,0.10178,0,0
0.040127,0,0,0.11175,0.023158,0,0.024899,0.022351,0,0.076096,0,0.012415,0,0.058678,0.050863,0,0.1904,0.0086601,0.024073,0.011232,0.3094,0,0.021492,0.24832,0.25983,0.050853,0.0089443,0.077105,0,0.017058
0.014855,0.022804,0.056715,0.066192,0.0085731,0,0.006145,0.13238,0,0.098596,0.021321,0.0091919,0,0.043444,0.1318,0.058853,0.017621,0.012824,0.089117,0.016632,0.28194,0,0.031825,0.22062,0.13991,0.01255,0.013244,0.11417,0,0.063147
0.011616,0,0.059131,0.1294,0.013407,0,0.01922,0.10352,0.050249,0.11014,0,0,0,0,0.073617,0.03068,0.013779,0.010028,0.09756,0.032513,0.30313,0,0.062214,0.12939,0.0547,0.07851,0.0051783,0.14508,0,0.069129
0.023232,0,0,0.14234,0.0067037,0,0,0.051759,0.11725,0.088112,0.016672,0.035938,0,0,0.13251,0.06136,0.1929,0.015041,0.12543,0.0065027,0.28935,0,0.049771,0.10063,0.082051,0,0.010357,0.10044,0,0.049378
0.047535,0,0.07562,0.11915,0.013717,0.017136,0.014748,0.092669,0.15422,0.045073,0,0.0073535,0,0.086888,0.030126,0,0.18326,0.0051295,0,0.0066528,0.12687,0,0.03819,0.13237,0.23784,0.060241,0.0052978,0.14843,0,0.050518
0.032185,0,0,0.17927,0,0,0.0066571,0.017927,0.11603,0,0.046196,0.029874,0,0,0.020398,0.042505,0.24816,0,0.019309,0.054054,0.19089,0,0.034477,0.13942,0.24629,0.013596,0.014348,0.15461,0,0.054727
0.075979,0,0,0.2257,0,0,0.015715,0.014106,0.091299,0.024014,0,0,0,0,0.032102,0.016723,0.2103,0,0.045581,0.014178,0.12017,0,0,0.29778,0.22362,0.085589,0.016936,0.15816,0,0.010766
0.057218,0.065877,0,0.19122,0,0,0.011835,0.047805,0,0.067817,0,0,0,0.020918,0.036263,0.037782,0.20362,0,0.085816,0.016016,0.10181,0.024771,0,0,0.25261,0.024171,0.019131,0.34358,0,0.036485
0,0,0.02048,0.17927,0.0092875,0.023205,0.019971,0.071708,0.09282,0.045777,0,0.0099579,0.027867,0,0,0.063757,0.28634,0.013892,0.11585,0.018018,0.057268,0,0.017239,0.039834,0.24629,0.040788,0.0071741,0.21646,0,0.027364
0.050652,0,0,0.056426,0,0.036519,0.03143,0.028213,0,0.14408,0.036351,0.031343,0,0.037034,0.064204,0,0.12017,0,0,0.014178,0.060085,0,0,0.094035,0.20871,0.085589,0.01129,0.31632,0,0.10766
0,0.024449,0.040538,0.1242,0,0,0.0065885,0.088711,0,0.060406,0.02286,0,0,0.046579,0.040375,0.0631,0.18893,0.013749,0,0.080245,0.018893,0,0.017061,0.039424,0.33751,0.040368,0.028401,0.29073,0,0
0,0,0.035425,0.062018,0.0080324,0.020069,0.0057575,0.38761,0.020069,0.32992,0,0.0086122,0.048203,0.040705,0,0,0.21463,0.0060075,0,0.015583,0,0,0,0,0.18024,0.023518,0.0062046,0.18721,0,0.023666
0.027103,0.020803,0.068986,0.060386,0.007821,0.15633,0.011212,0.60386,0,0.23129,0,0,0.1408,0,0,0,0.032151,0,0,0.015173,0,0,0,0.016772,0.063817,0.011449,0,0.1953,0,0.034565
0,0,0,0.03046,0.0078902,0.059142,0.028278,0.59397,0,0.3889,0,0,0.094699,0.019992,0,0,0.097305,0,0,0,0.016218,0,0,0,0.11267,0.011551,0,0.11822,0,0.046494
0,0.064975,0,0.023575,0,0.030516,0.0087545,0.51865,0,0.58193,0,0,0,0,0,0,0.050208,0,0,0.035542,0,0,0,0.026192,0.14949,0,0.0094344,0.040665,0,0.035985
0,0,0,0.060386,0.031284,0,0,0.12077,0,0.1028,0.038902,0,0,0,0,0,0.57871,0.023398,0,0,0,0,0.029033,0.033545,0.3829,0.091595,0,0.02604,0,0.11522
0,0,0,0,0,0,0.022037,0.059344,0,0.30307,0,0.032964,0.09225,0.0779,0,0,0.18958,0.045988,0,0.029823,0,0,0,0,0.56445,0,0.047497,0,0,0.045292
0,0,0.13107,0,0.05944,0,0.042605,0.11473,0,0.29297,0,0.06373,0.17835,0,0,0,0,0.044455,0,0.11531,0,0,0.11033,0,0,0,0.045914,0,0,0.087564
0.11035,0,0.14044,0,0.063686,0,0,0.12293,0,0,0,0.068283,0,0,0,0,0,0.047631,0,0.061776,0,0,0.23641,0,0,0.09323,0.049194,0.10602,0,0.18764
0,0,0,0,0.1486,0,0,0,0,0,0.36957,0.15933,0,0,0,0,0,0.11114,0,0,0,0,0,0,0,0.43508,0,0,0,0
0,0.29645,0,0,0,0,0.15977,0,0,0,0,0.17924,0,0,0,0,0,0.083354,0,0.16216,0,0,0.10343,0,0,0.081577,0,0,0,0
0,0,0,0,0.1486,0,0,0,0,0,0.73914,0,0,0.37652,0,0,0,0,0,0.14414,0,0,0,0,0,0,0,0,0,0.21891
0,0,0.58983,0,0,0,0.063908,0,0,0,0,0,0,0,0,0,0,0,0,0.17297,0,0,0,0,0,0.26105,0,0.14843,0,0.13135
0,0,0,0,0,0,0.21303,0,0,0,0,0,0,0,0,0,0,0.44455,0,0,0,0,0,0,0,0,0,0,0,0
0,0,0,0,0,0,0.091297,0,0,0,0,0.13657,0,0,0,0,0,0,0,0.2471,0,0,0,0,0,0,0.19678,0,0,0.18764
0,0.37446,0.10348,0,0.046926,0,0.033636,0,0,0,0.23341,0.050313,0,0,0,0,0,0.070193,0,0.13656,0,0,0.1742,0,0,0.13739,0.036248,0,0,0
0,0,0,0,0,0,0.091297,0,0,0,0.95033,0,0,0,0,0,0,0,0,0.37065,0,0,0,0,0,0,0,0,0,0
0,0,0.20696,0,0,0,0.067272,0,0,0.077098,0.81695,0.050313,0,0,0,0,0,0,0,0.045519,0,0,0,0,0,0.068696,0.10874,0,0,0.069129
0,0,0.43691,0,0,0,0.047339,0,0,0,0.65702,0,0,0,0,0,0,0,0,0.032032,0,0,0.061293,0,0,0.29005,0,0,0,0.14594
0,0.64679,0,0,0,0,0,0,0,0,0.80634,0,0,0,0,0,0,0.060621,0,0,0,0,0,0,0,0.35597,0,0,0,0
0,0,0.73729,0,0,0,0.079885,0,0,0,0.27718,0,0,0,0,0,0,0,0,0,0,0,0,0,0,0.48946,0,0,0,0
0,0,0,0,0,0,0,0,0,0,0,0,0,0,0,0,0,0.11114,0,0,0,0,0.55163,0,0,0.43508,0,0,0,0.21891
0.15449,0,0,0,0,0,0.063908,0,0,0,0,0,0,0,0.39164,0,0,0.066683,0,0.086486,0,0,0,0,0,0,0.27549,0,0,0
0,0,0,0,0.8916,0,0,0,0,0,0,0,0,0,0,0,0,0,0,0,0,0,0,0,0,0,0,0,0,0
0,0,0,0,0,0,0,0,0,0,0,0.95596,0,0,0,0,0,0,0,0,0,0,0,0,0,0,0,0,0,0
0.38622,0,0,0,0,0,0.079885,0,0,0,0,0.23899,0,0,0,0,0,0.083354,0,0.10811,0,0,0,0,0,0,0.086089,0,0,0
0,0,0,0,0,0,0,0,0,0,0,0,0,0,0,0,0,0.13337,0.37073,0,0,0,0,0,0.36376,0,0.27549,0,0,0
0,0,0,0,0.12737,0,0,0,0,0.20927,0,0,0,0,0,0,0,0.19052,0,0,0,0,0,0,0,0,0.29516,0,0,0
0,0,0,0.3442,0,0,0.25563,0,0,0,0,0,0,0,0,0,0,0,0,0,0,0,0,0,0,0,0.13774,0.29685,0,0
0,0,0,0,0,0,0,0,0,0,0,0,0,0,0,0,0,0,0,0,0,0,0,0,0,0,0.45914,0,0,0.43782
0,0,0,0,0,0,0,0,0,0,0,0.31865,0,0,0,0,0,0,0,0,0,0,0,0,0,0,0,0,0,0.87564
0.38622,0,0,0,0.2229,0,0.15977,0,0,0,0,0,0,0,0,0,0,0.16671,0,0,0,0,0,0,0,0,0,0,0,0
0.51497,0,0,0,0.1486,0,0,0,0,0,0,0,0,0,0,0,0,0.22228,0,0,0,0,0,0.31867,0,0,0,0,0,0
0,0,0,0,0,0,0,0.3442,0,0,0,0,0,0,0,0,0,0.4001,0,0.17297,0,0,0,0,0,0,0,0,0,0
0.2207,0,0,0,0.12737,0,0,0,0,0,0,0.13657,0,0,0,0,0,0.19052,0,0,0.2618,0,0,0,0,0,0,0,0,0.18764
0,0,0,0,0.2972,0,0,0,0,0,0,0,0,0,0,0,0,0.33341,0,0.14414,0,0,0,0,0,0,0,0,0,0
0,0,0,0,0,0,0.63908,0,0,0,0,0,0,0,0,0,0,0,0,0,0,0,0,0,0,0,0,0,0,0
0,0,0,0,0,0,0,0,0,0,0,0,0,0,0,0,0,0,0,0.43243,0,0,0,0,0,0,0,0,0,0.65673
0,0,0,0,0,0,0,0,0,0,0,0.95596,0,0,0,0,0,0,0,0,0,0,0,0,0,0,0,0,0,0
0,0,0,0,0.2229,0,0.15977,0,0,0,0,0,0,0,0,0,0,0.16671,0,0,0,0,0,0,0,0,0.17218,0,0,0
0,0,0,0,0,0,0,0,0,0,0,0.47798,0,0,0,0,0,0.16671,0,0,0,0,0,0,0,0,0.17218,0,0,0
0,0.41851,0.11565,0,0,0.52416,0.037593,0,0,0,0.52175,0,0.15737,0,0,0,0,0,0,0,0,0.15737,0,0,0,0,0,0,0.32883,0
0,0,0,0,0,0,0.18259,0,0,0,0,0,0,0,0,0,0,0.095261,0,0,0,0,0,0,0,0,0.39355,0,0,0
0,0,0,0,0.35664,0,0,0,0,0,0,0.19119,0,0,0,0,0,0.13337,0,0,0,0,0,0,0,0.26105,0,0,0,0
0.30898,0,0,0,0.17832,0,0,0,0,0,0,0.19119,0,0,0,0,0,0.13337,0,0.17297,0,0,0,0,0,0,0,0,0,0
0,0,0,0,0.2229,0,0.15977,0,0,0,0,0,0,0,0,0,0,0.16671,0,0.21621,0,0,0,0,0,0,0,0,0,0
0,0,0,0,0.17832,0,0,0,0,0,0,0.38238,0,0,0,0,0,0.13337,0,0,0,0,0,0,0,0,0.13774,0,0,0
0,0,0,0,0,0,0.21303,0,0,0,0,0.31865,0,0,0,0,0,0,0,0,0,0,0,0,0,0.43508,0,0,0,0
0,0,0,0,0,0,0,0,0,0,0,0,0,0,0,0,0,0,0,0,0,0,0,0,0,0,0.68871,0,0,0
0,0,0,0,0,0,0,0,0,0,0,0.15933,0,0,0,0,0,0,0,0.28829,0,0,0,0,0,0.21754,0.22957,0,0,0
0,0,0,0,0,0,0,0,0,0,0,0,0,0,0,0,0,0,0,0.21621,0,0,0,0,0,0,0.34436,0,0,0.32836
0,0,0,0.8605,0,0,0,0,0,0,0,0,0,0,0,0,0,0,0,0,0,0,0,0,0,0,0,0.74214,0,0
0,0,0,0,0,0,0.15977,0,0,0,0,0.23899,0,0,0,0,0,0,0,0.21621,0,0,0,0,0,0,0,0,0,0.32836
0,0,0,0,0,0,0.21303,0,0,0,0,0,0,0,0,0,0,0,0,0,0,0,0,0,0.30313,0,0.22957,0,0,0.21891
0,0,0,0,0,0,0.31954,0,0,0,0,0,0,0,0,0,0,0,0,0.43243,0,0,0,0,0,0,0,0,0,0
0,0,0,0,0.4458,0,0,0,0,0,0,0,0,0,0,0,0,0,0,0,0,0,0,0,0,0,0.34436,0,0,0
0.51497,0,0,0,0,0,0,0,0,0,0,0,0,0,0,0,0,0.22228,0,0,0,0,0,0,0,0,0.22957,0,0,0
0,0,0,0,0,0,0.31954,0,0,0,0,0,0,0,0,0,0,0,0,0,0,0,0,0,0,0.65261,0,0,0,0
0,0,0,0,0,0,0.21303,0,0,0,0,0,0,0.37652,0,0,0,0,0,0.14414,0,0,0,0,0,0,0.11479,0,0,0.21891
0,0,0,0,0,0,0,0,0,0,0,0,0,0,0,0,0,0.13337,0,0,0,0,0,0,0,0,0.27549,0,0,0.52538
0,0,0,0,0,0,0.21303,0,0,0,0,0.31865,0,0,0,0,0,0,0,0,0,0,0,0,0,0.21754,0.11479,0,0,0
0,0,0,0,0,0,0.21303,0,0,0,0,0,0,0,0,0,0,0.22228,0,0,0,0,0,0,0,0,0.22957,0,0,0
0,0,0,0,0,0,0,0,0,0,0,0,0,0,0,0,0,0.66683,0,0,0,0,0,0,0,0,0,0,0,0
0,0,0,0,0,0,0.15977,0,0,0,0,0.23899,0,0,0,0,0,0,0,0,0,0,0,0,0,0,0.34436,0,0,0
0,0,0,0,0,0,0,0,0,0,0,0,0,0,0,0,0,0,0,0.86486,0,0,0,0,0,0,0,0,0,0
0,0,0,0,0,0,0.31954,0,0,0,0,0,0,0,0,0,0,0,0,0,0,0,0,0,0,0.32631,0.17218,0,0,0
0.51497,0,0,0,0,0,0,0,0,0,0,0,0,0,0,0,0,0,0,0.57657,0,0,0,0,0,0,0,0,0,0
0,0,0.39322,0,0,0,0.12782,0,0,0,0,0,0,0,0,0,0,0.13337,0,0.17297,0,0,0,0,0,0,0.13774,0,0,0
0,0,0,0,0,0,0,0,0,0,0,0.47798,0,0,0,0,0,0,0,0,0,0,0,0,0,0,0.34436,0,0,0
0,0,0,0,0,0,0.15977,0,0,0,0,0,0,0,0,0,0,0,0,0.21621,0,0,0,0,0,0,0,0,0,0.65673
0,0,0,0,0,0,0,0,0,0.41853,0,0,0,0,0,0,0,0.19052,0,0.2471,0,0,0,0,0,0,0.098388,0,0,0
0,0,0,0,0,0,0,0,0,0,0,0,0,0,0,0,0,0.11114,0,0.14414,0,0,0,0,0,0,0.22957,0,0,0.43782
0,0,0,0,0,0,0,0,0,0,0,0,0,0,0,0,0,0.33341,0,0.28829,0,0,0,0,0,0.21754,0,0,0,0
0,0,0,0,0,0,0,0,0,0,0,0,0,0,0,0,0,0.16671,0,0.21621,0,0,0,0,0,0,0.17218,0,0,0.32836
0,0,0,0,0,0,0.63908,0,0,0,0,0,0,0,0,0,0,0,0,0,0,0,0,0,0,0,0,0,0,0
0,0,0,0,0,0,0.21303,0,0,0,0,0,0,0,0,0,0,0,0,0.14414,0,0,0,0,0,0.21754,0.11479,0,0,0.21891
0,0,0,0,0,0,0,0,0,0,0,0,0,0,0,0,0,0.66683,0,0,0,0,0,0,0,0,0,0,0,0
0,0.47432,0,0,0.35664,0.44554,0.12782,0,0,0,0,0,0,0,0,0,0,0,0,0,0,0,0,0,0,0,0,0,0,0
0,0,0,0,0.2972,0,0.21303,0,0,0,0,0,0,0,0,0,0,0,0,0,0,0,0,0,0,0,0,0,0,0.43782
0,0,0,0,0,0,0.31954,0,0,0,0,0.23899,0,0,0,0,0,0,0,0,0,0,0,0,0,0,0,0,0,0.32836
0,0,0,0,0,0,0.63908,0,0,0,0,0,0,0,0,0,0,0,0,0,0,0,0,0,0,0,0,0,0,0
0,0,0,0,0,0,0,0,0,0,0,0,0,0,0,0,0,0,0,0,0,0,0,0,0,0,0.68871,0,0,0
0,0,0,0,0,0,0.2458,0,0,0,0,0.073535,0,0,0,0,0,0.15388,0,0.19958,0,0,0,0,0,0,0.052978,0,0,0
0,0,0,0,0.1486,0.37128,0.10651,0,0,0,0,0.15933,0,0,0,0,0,0.11114,0,0,0,0,0,0,0,0,0.11479,0,0,0
0.51497,0,0,0,0,0,0,0,0,0,0,0,0,0,0,0,0,0,0,0,0,0,0,0,0,0,0.22957,0,0,0.43782
1.0299,0,0,0,0,0,0.21303,0,0,0,0,0,0,0,0,0,0,0,0,0,0,0,0,0,0,0,0,0,0,0
0,0,0,0,0,0,0.21303,0,0,0,0,0,0,0,0,0,0,0.22228,0,0,0,0,0,0,0,0,0,0,0,0.43782
0.30898,0,0,0,0,0,0.12782,0,0,0,0,0,0,0,0,0,0,0,0,0,0,0,0,0,0,0,0.13774,0,0,0.52538
0,0,0,0,0,0,0,0,0,0,0,0,0,0,0,0,0,0,0,0,0,0,0,0,0,0,0.22957,0,0,0.87564
0.2207,0,0,0,0,0,0,0,0,0,0,0,0,0.32273,0,0,0,0.095261,0,0.37065,0,0,0,0,0,0,0,0,0,0.18764
0,0,0,0,0,0,0,0,0,0,0,0.15933,0,0,0,0,0,0.11114,0,0,0,0,0,0,0,0,0.11479,0,0,0.65673
0,0,0,0,0,0,0,0,0,0,0,0,0,0,0,0,0,0,0,0,0,0,0,0,0,0,0.34436,0,0,0.65673
0,0,0,0.3442,0.17832,0,0,0,0,0,0,0.19119,0,0,0,0,0,0.13337,0,0,0,0,0,0,0,0,0.13774,0,0,0
NaN,NaN,NaN,NaN,NaN,NaN,NaN,NaN,NaN,NaN,NaN,NaN,NaN,NaN,NaN,NaN,NaN,NaN,NaN,NaN,NaN,NaN,NaN,NaN,NaN,NaN,NaN,NaN,NaN,NaN
0,0,0,0,0,0,0,0,0,0,0,0.095596,0,0,0,0.20402,0,0.13337,0,0.17297,0,0,0,0,0,0.13052,0.068871,0,0,0.26269
0,0,0,0,0.17832,0,0.12782,0,0,0,0,0.19119,0,0,0,0,0,0.13337,0,0,0,0,0,0,0,0,0.13774,0,0,0
0,0,0,0,0.17832,0,0.12782,0,0,0,0,0,0,0,0,0,0,0,0,0,0,0,0,0,0,0,0.27549,0,0,0.26269
0,0,0,0,0.4458,0,0,0,0,0,0,0.23899,0,0,0,0,0,0.16671,0,0,0,0,0,0,0,0,0,0,0,0
0,0,0,0,0,0,0,0,0,0,0,0.4097,0,0,0,0,0,0.095261,0,0,0,0,0,0,0,0,0.29516,0,0,0
0,0,0,0,0,0,0,0,0,0,0,0,0,0,0,0,0,0,0,0,0,0,0,0,0,0,0,0,0,1.3135
0,0,0,0,0,0,0,0,0,0,0,0.31865,0,0,0,0,0,0.22228,0,0.28829,0,0,0,0,0,0,0,0,0,0
0,0,0,0,0,0,0.21303,0,0,0,0,0,0,0,0,0,0,0,0,0,0,0,0,0,0,0,0.45914,0,0,0
0,0,0,0,0,0,0.21303,0,0,0,0,0,0,0,0,0,0,0,0,0.28829,0,0,0,0,0,0,0.22957,0,0,0
0,0,0,0,0,0,0.63908,0,0,0,0,0,0,0,0,0,0,0,0,0,0,0,0,0,0,0,0,0,0,0
0.2207,0,0,0,0.12737,0,0.091297,0,0,0,0,0,0,0,0,0,0,0.19052,0,0,0,0,0,0,0,0,0.098388,0,0,0.18764
0,0,0,0,0,0,0.42605,0,0,0,0,0,0,0,0,0,0,0,0,0,0,0,0,0,0,0,0.22957,0,0,0
0,0,0,0,0.052447,0,0.037593,0,0,0,0,0.056233,0,0,0.11519,0,0,0.1569,0,0.15262,0,0,0,0,0,0.076778,0.081025,0,0,0.23179
0,0,0,0,0.2229,0,0,0,0,0.73243,0,0,0,0,0,0,0,0.16671,0,0,0,0,0,0,0,0,0,0,0,0
0,0,0,0,0.5944,0,0.21303,0,0,0,0,0,0,0,0,0,0,0,0,0,0,0,0,0,0,0,0,0,0,0
0,0,0,0,0.4458,0,0,0,0,0,0,0,0,0,0,0,0,0.33341,0,0,0,0,0,0,0,0,0,0,0,0
0,0,0,0,0.4458,0,0,0,0,0,0,0.47798,0,0,0,0,0,0,0,0,0,0,0,0,0,0,0,0,0,0
NaN,NaN,NaN,NaN,NaN,NaN,NaN,NaN,NaN,NaN,NaN,NaN,NaN,NaN,NaN,NaN,NaN,NaN,NaN,NaN,NaN,NaN,NaN,NaN,NaN,NaN,NaN,NaN,NaN,NaN
0.77245,0,0,0,0,0,0,0,0,0,0,0,0,0,0,0,0,0,0,0,0,0,0,0,0,0.65261,0,0,0,0
0,0,0,0,0,0,0.31954,0,0,0,0,0,0,0,0,0,0,0,0,0,0,0,0,0,0,0.65261,0,0,0,0
0,0,0,0,0.17832,0,0.25563,0,0,0,0,0.19119,0,0,0,0,0,0.13337,0,0,0,0,0,0,0,0,0,0,0,0
0,0,0,0,0,0,0,0,0,0,0,0,0,0,0,0,0,0,0,0.57657,0,0,0,0,0,0,0,0,0,0.43782
0,0.47432,0,0,0,0,0.25563,0,0,0,0,0,0,0,0,0,0,0,0,0.34594,0,0,0,0,0,0,0,0,0,0
0,0,0,0,0,0,0,0,0,0,0,0.19119,0,0,0,0,0,0.26673,0,0,0,0,0,0,0,0,0.27549,0,0,0
0,0,0,0,0,0,0.23965,0,0,0,0,0,0,0,0,0,0,0,0,0.32432,0,0,0,0,0,0,0.086089,0.18553,0,0
0,0,0,0,0,0,0.21303,0,0,0,0,0,0,0,0,0,0,0.22228,0,0,0,0,0,0,0,0,0.22957,0,0,0
0.25748,0,0,0,0,0,0.10651,0,0,0,0,0.15933,0,0,0,0,0,0.11114,0,0,0.30543,0,0,0,0,0,0.11479,0,0,0
0.77245,0,0,0,0,0,0.31954,0,0,0,0,0,0,0,0,0,0,0,0,0,0,0,0,0,0,0,0,0,0,0
0,0,0,0,0,0,0,0,0,0,0,0,0,0,0.32637,0,0,0.11114,0,0,0,0,0,0,0.30313,0,0.22957,0.24738,0,0
0,1.1858,0,0,0,0,0.31954,0,0,0,0,0,0,0,0,0,0,0,0,0,0,0,0,0,0,0,0,0,0,0
0,0,0,0,0,0,0,0,0,0,0,0,0,0,0,0,0,0,0,0.34594,0,0,0.33098,0,0,0.26105,0.13774,0,0,0
0,0,0,0,0,0,0,0,0,0,0,0,0,0,0,0,0,0,0,0.57657,0,0,0,0,0,0,0,0,0,0.43782
NaN,NaN,NaN,NaN,NaN,NaN,NaN,NaN,NaN,NaN,NaN,NaN,NaN,NaN,NaN,NaN,NaN,NaN,NaN,NaN,NaN,NaN,NaN,NaN,NaN,NaN,NaN,NaN,NaN,NaN
0.51497,0,0,0,0.099066,0,0.071009,0,0,0,0,0.21243,0,0,0,0,0,0,0,0.096095,0,0,0,0,0,0.14503,0,0,0,0
0,0,0,0,0,0,0.31954,0,0,0,0,0.47798,0,0,0,0,0,0,0,0,0,0,0,0,0,0,0,0,0,0
0,0,0,0,0,0,0.25563,0,0,0,0,0,0,0,0,0,0,0.13337,0.37073,0,0,0,0.33098,0,0,0,0,0,0,0
0,0,0,0,0.0743,0,0.15977,0,0,0,0,0.079663,0,0,0,0,0,0.055569,0,0,0,0,0,0,0,0,0.28696,0,0,0.10945
0,0,0,0,0.2229,0,0,0,0,0,0,0,0,0,0,0,0,0,0,0,0,0,0,0.95602,0,0,0.17218,0,0,0
NaN,NaN,NaN,NaN,NaN,NaN,NaN,NaN,NaN,NaN,NaN,NaN,NaN,NaN,NaN,NaN,NaN,NaN,NaN,NaN,NaN,NaN,NaN,NaN,NaN,NaN,NaN,NaN,NaN,NaN
0,0,0,0,0,0,0,0.8605,0,0,0,0,0,0,0,0,0,0.33341,0,0,0,0,0,0,0,0,0,0,0,0
NaN,NaN,NaN,NaN,NaN,NaN,NaN,NaN,NaN,NaN,NaN,NaN,NaN,NaN,NaN,NaN,NaN,NaN,NaN,NaN,NaN,NaN,NaN,NaN,NaN,NaN,NaN,NaN,NaN,NaN
0,0,0,0,0.2972,0,0.10651,0,0,0.24414,0,0.15933,0,0,0,0,0,0,0,0,0,0,0,0,0,0,0.11479,0,0,0
0,0,0,0,0,0,0,0,0,0,0,0,0,0,0,0,0,0.66683,0,0,0,0,0,0,0,0,0,0,0,0
NaN,NaN,NaN,NaN,NaN,NaN,NaN,NaN,NaN,NaN,NaN,NaN,NaN,NaN,NaN,NaN,NaN,NaN,NaN,NaN,NaN,NaN,NaN,NaN,NaN,NaN,NaN,NaN,NaN,NaN
0,0,0,0,0,0,0,0,0,0,0,0.47798,0,0,0,0,0,0,0,0,0,0,0,0,0,0,0.34436,0,0,0
0,0,0,0,0,0,0,0,0,0,0,0.31865,0,0,0,0,0,0,0,0,0,0,0,0,0,0,0.45914,0,0,0
0,0,0,0,0,0,0.25563,0,0,0.29297,0,0,0,0,0,0,0,0.26673,0,0,0,0,0,0,0,0,0,0,0,0
0,0,0,0,0,0,0.31954,0,0,0,0,0,0,0,0,0,0,0,0,0.43243,0,0,0,0,0,0,0,0,0,0
0.11035,0,0,0,0,0,0,0,0,0.20927,0,0,0,0,0,0,0,0.095261,0,0.2471,0,0,0.11821,0,0.25983,0.09323,0.049194,0,0,0
0,0,0,0,0,0,0.079885,0,0,0.36621,0,0.11949,0,0,0.48955,0,0,0.083354,0.2317,0,0,0,0,0,0,0,0,0,0,0
0,0,0,0,0,0,0.63908,0,0,0,0,0,0,0,0,0,0,0,0,0,0,0,0,0,0,0,0,0,0,0
NaN,NaN,NaN,NaN,NaN,NaN,NaN,NaN,NaN,NaN,NaN,NaN,NaN,NaN,NaN,NaN,NaN,NaN,NaN,NaN,NaN,NaN,NaN,NaN,NaN,NaN,NaN,NaN,NaN,NaN
0,0,0,0,0,0,0,0,0,0,0,0,0,0,0,0,0,0.26673,0,0.17297,0,0,0,0,0,0,0.27549,0,0,0
0,0,0,0,0,0,0,0,0,0,0,0.31865,0,0,0.65274,0,0,0,0,0,0,0,0,0.63735,0,0,0,0,0,0
0,0,0,0,0,0,0,0,0,0,0,0,0,0,0,0,0,0.33341,0,0,0,0,0,0,0,0.65261,0,0,0,0
0,0,0,0,0,0.74256,0,0,0,0,0,0.31865,0,0,0,0,0,0,0,0,0,0,0,0,0,0,0.22957,0,0,0
0,0,0,0,0.2229,0,0.15977,0,0,0,0,0,0,0,0,0,0,0,0,0,0,0,0,0.95602,0,0,0,0,0,0
0,0,0,0,0,0,0.31954,0,0,0,0,0,0,0,0.9791,0,0,0,0,0,0,0,0,0,0,0,0,0,0,0
0,0,0,0.3442,0.17832,0,0,0,0,0,0,0,0,0,0,0,0,0,0,0.17297,0,0,0,0.38241,0,0,0.13774,0,0,0
0,0,0,0,0,0,0,1.721,0,0,0,0,0,0,0,0,0,0,0,0,0,0,0,0,0,0,0,0,0,0
0,0,0,0,0,0,0.19664,0,0,0.22536,0,0,0,0,0.15063,0,0,0.20518,0,0,0,0,0,0,0,0,0,0,0,0.20207
0,0,0,0,0.2229,0,0.15977,0,0,0,0,0.23899,0,0,0.48955,0,0,0,0,0,0,0,0,0,0,0,0,0,0,0
0,0,0,0,0.17832,0,0.12782,0,0,0,0,0,0,0,0,0,0,0.26673,0,0,0,0,0,0,0,0.26105,0,0,0,0
0,0,0,0,0,0,0.12782,0,0,0,0,0,0,0,0,0,0,0,0,0.34594,0,0,0,0,0,0,0.13774,0,0,0.26269
0,0,0,0,0.2972,0,0,0,0,0,0,0,0,0,0,0,0,0,0,0.28829,0,0,0,0,0,0,0.22957,0,0,0
0,0,0,0,0,0,0,0,0,0,0,0.4097,0,0,0,0.58292,0,0,0,0,0,0,0,0,0,0,0.098388,0,0,0.18764
0,0,0,0,0.1486,0,0.10651,0,0,0,0,0.15933,0,0,0,0,0,0,0,0.14414,0,0,0,0,0,0,0.22957,0,0,0
0,0,0,0,0,0,0,0,0,1.0986,0,0,0,0,0,0,0,0,0,0,0,0,0,0,0,0,0.17218,0,0,0
0,0,0,0,0,0,0,0,0,0.97657,0,0,0,0,0,0,0,0,0,0,0,0,0,0,0,0,0,0,0,0.43782
0,0,0,0,0,0,0,0,0,0,0,0,0,0,0,0,0,0.33341,0.92682,0,0,0,0,0,0,0,0,0,0,0
0,0,0,1.1473,0,0,0,0,0,0,0,0,0,0,0,0,0,0,0,0,0.61086,0,0,0,0,0,0,0,0,0
0,0,0,0,0.2229,0,0,0,0,0,0,0.47798,0,0,0,0,0,0.083354,0,0,0,0,0,0,0,0,0,0,0,0.16418
0,0,0,0,0.11145,0,0.079885,0,0,0.18311,0,0,0,0,0,0,0,0.16671,0,0,0,0,0,0.71702,0,0,0,0,0,0
0,0,0,0,0,0,0.25563,0,0,0.29297,0,0,0,0,0,0,0,0.13337,0,0,0,0,0,0,0,0,0,0,0,0.26269
0.30898,0,0,0,0,0,0.12782,0,0,0,0,0.19119,0,0,0,0,0,0,0,0.17297,0,0,0,0,0,0,0.13774,0,0,0
0,0,0,0,0,0,0,0,0,0,0,0,0,0,0.65274,0,0,0,0,0.57657,0,0,0,0,0,0,0,0,0,0
0,0,0,0,0,0,0.15977,0,0,0,0,0,0,0,0,0,0,0,0.46341,0,0,0,0,0,0,0.32631,0.17218,0,0,0
0,0,0,0,0,0,0,0,0,0.73243,0,0,0,0,0,0,0,0,0,0,0,0,0,0,0,0.65261,0,0,0,0
NaN,NaN,NaN,NaN,NaN,NaN,NaN,NaN,NaN,NaN,NaN,NaN,NaN,NaN,NaN,NaN,NaN,NaN,NaN,NaN,NaN,NaN,NaN,NaN,NaN,NaN,NaN,NaN,NaN,NaN
0.77245,0,0,0,0.1486,0,0,0,0,0,0,0,0,0,0,0,0,0.22228,0,0,0,0,0,0,0,0,0,0,0,0
0,0,0,0,0,0,0,0,0,0,0,0,0,0,0.32637,0,0,0.11114,0,0.14414,0,0,0,0,0,0,0.22957,0,0,0.21891
0.2207,0,0,0,0.12737,0,0.091297,0,0,0,0,0.13657,0,0,0,0,0,0.19052,0,0.12355,0,0,0,0,0,0,0,0,0,0
0.51497,0,0,0,0,0,0.21303,0,0,0,0,0,0,0,0,0,0,0,0,0,0,0,0,0,0,0,0.22957,0,0,0
0,0,0,0,0,0,0,0,0,0,0,0,0,0,0,0,0,0.66683,0,0,0,0,0,0,0,0,0,0,0,0
0.33105,0,0,0,0,0,0.13695,0,0,0.3139,0,0,0,0,0,0,0,0.047631,0,0.061776,0,0,0,0,0.12991,0.09323,0,0.10602,0,0
0,0,0,0,0.2229,0,0.15977,0,0,0,0,0,0,0,0,0,0,0.16671,0,0.21621,0,0,0,0,0,0,0,0,0,0
0,0,0,0,0,0,0.15977,0.43025,0,0,0,0,0,0,0,0,0,0,0,0.21621,0,0,0,0,0,0,0.17218,0,0,0
0,0,0,0,0,0,0.10651,0,0,0,0,0.31865,0,0,0,0,0.30543,0.22228,0,0,0,0,0,0,0,0,0,0,0,0
0,0,0,0,0,0,0.47931,0,0,0,0,0.23899,0,0,0,0,0,0,0,0,0,0,0,0,0,0,0,0,0,0
0,0,0,0,0,0,0,0,0,0.48829,0,0.31865,0,0,0,0,0,0,0,0,0,0,0,0,0,0,0,0,0,0.43782
0,0,0,0,0.13717,0,0.09832,0,0,0,0,0.22061,0,0,0,0,0,0.10259,0,0.19958,0,0,0,0,0,0,0.052978,0,0,0
0,0,0,0,0.2229,0,0,0,0,0,0,0,0,0,0,0,0,0.16671,0,0.43243,0,0,0,0,0,0,0,0,0,0
0,0,0,0,0,0,0,0,0,0,0,0.23899,0,0,0,0,0,0.16671,0,0.21621,0,0,0,0,0,0,0.17218,0,0,0
0,0,0,0,0.17832,0,0,0,0,0,0,0,0,0,0,0,0,0,0,0.17297,0,0,0,0,0,0,0.27549,0,0,0.26269
0,0,0,0,0,0,0.31954,0,0,0,0,0,0,0,0,0,0,0,0,0.43243,0,0,0,0,0,0,0,0,0,0
0.30898,0,0,0,0.17832,0,0,0,0,0,0,0.19119,0,0,0,0,0,0,0,0.17297,0,0,0,0,0,0,0,0,0,0.26269
0.34331,0,0,0,0,0,0.14202,0,0,0,0,0,0,0,0,0,0,0,0,0.096095,0,0,0,0,0,0.14503,0.15305,0,0,0.14594
0,0,0,0,0,0,0.25563,0,0,0,0,0.38238,0,0,0,0,0,0,0,0,0,0,0,0,0,0,0.13774,0,0,0
0,0,0,0,0,0,0,0,0,0,0,0,0,0,0,0,0,0,0,0,0,0,0,0,0,0,0.51653,0,0,0.32836
0,0,0,0,0.2972,0,0,0,0,0,0,0,0,0,0,0,0,0,0,0,0,0,0,0,0,0,0.45914,0,0,0
0,0,0,0,0,0,0,0,0,0,0,0,0,0,0,0,0,0,0,0,0,0,0,0,0,0,0,0,0,1.3135
0,0,0,0,0,0,0.63908,0,0,0,0,0,0,0,0,0,0,0,0,0,0,0,0,0,0,0,0,0,0,0
0,0,0,0,0,0,0.31954,0,0,0,0,0.47798,0,0,0,0,0,0,0,0,0,0,0,0,0,0,0,0,0,0
0,0,0,0,0,0,0.079885,0,0,0,0.27718,0.23899,0,0,0,0,0,0,0,0.10811,0,0,0,0,0,0,0.086089,0,0,0.32836
0.61796,0,0,0,0,0,0,0,0,0,0,0.19119,0,0,0,0,0,0,0,0,0,0,0,0,0,0,0,0,0,0.52538
0,0,0,0,0,0,0,0,0,0,0,0,0,0,0,0,0,0,0,0,0,0,0,0,0,0,0,0,0,1.3135
0,0,0,0,0,0,0,0,0,0,0,0.31865,0,0.75303,0,0,0,0,0,0,0,0,0,0,0,0,0,0,0.93169,0
0.30898,0,0,0,0,0,0,0,0,0,0,0.57357,0,0,0,0,0,0,0,0.17297,0,0,0,0,0,0,0,0,0,0
0,0,0,0,0.2972,0,0,0,0,0,0,0.10622,0,0,0,0,0,0.14818,0,0.096095,0,0,0,0,0,0.14503,0.076524,0,0,0
0,0,0,0,0,0,0,0,0,0,0,0,0,0,0,0,0,0.22228,0,0.14414,0,0,0,0,0,0,0.22957,0,0,0.21891
0,0,0,0,0,0,0,0,0,0,0,0,0,0,0,0,0,0.22228,0,0.28829,0,0,0,0,0,0,0.22957,0,0,0
0,0,0,0,0,0,0.38345,0,0,0,0,0,0,0,0,0,0,0,0.37073,0,0,0,0,0,0,0,0.13774,0,0,0
0,0,0,0,0,0,0,0,0,0,0,0,0,0,0,0,0,0,0,0.43243,0,0,0,0,0,0,0,0,0,0.65673
0,0,0,0,0.12737,0,0,0,0,0,0,0.27313,0,0,0,0,0,0.095261,0,0.37065,0,0,0,0,0,0,0,0,0,0
0,0,0,0,0,0,0,0,0,0,0,0.19119,0,0,0,0,0,0.13337,0,0,0,0,0,0,0,0,0.13774,0,0,0.52538
0,0,0,0,0.17832,0,0.12782,0.3442,0,0,0,0,0,0,0,0,0,0.26673,0,0,0,0,0,0,0,0,0,0,0,0
0,0.39526,0,0,0.1486,0,0.10651,0,0,0,0,0.31865,0,0,0,0,0,0,0,0,0,0,0,0,0,0,0,0,0,0.21891
0,0,0,0,0,0,0,0,0,0,0,0,0,0,0,0,0,0.22228,0,0.57657,0,0,0,0,0,0,0,0,0,0
0,0,0,0,0,0,0.63908,0,0,0,0,0,0,0,0,0,0,0,0,0,0,0,0,0,0,0,0,0,0,0
0,0,0,0,0,0,0,0,0,0,0,0,0,0,0,0,0,0,0,0.21621,0,0,0,0,0,0,0.51653,0,0,0
0.2207,0,0,0,0,0,0,0.49171,0,0,0,0,0,0,0,0,0,0.095261,0,0,0,0,0.23641,0,0,0,0.098388,0,0,0.18764
0,0,0,0,0,0,0.079885,0,0,0,0,0.11949,0,0.28239,0,0,0,0,0,0.32432,0,0.33441,0,0,0,0,0.086089,0,0,0
0,0,0,0,0.2229,0,0.15977,0,0,0,0,0,0,0,0,0,0,0.16671,0,0.21621,0,0,0,0,0,0,0,0,0,0
0,0,0,0,0,0,0.12782,0,0,0,0,0,0,0,0,0,0,0.13337,0,0.17297,0,0,0,0,0,0,0.13774,0,0,0.26269
0,0,0,0,0.2229,0,0.15977,0,0,0,0,0,0,0,0,0,0,0,0,0,0,0,0,0,0,0,0.34436,0,0,0
0,0,0,0,0,0,0,0,0,0,0,0,0,0,0,0,0,0,0,0.43243,0,0,0,0,0,0,0.34436,0,0,0
0,0,0,0,0,0,0.21303,0,0,0,0,0,0,0,0,0,0,0.22228,0,0,0,0,0,0,0,0,0.22957,0,0,0
0,0,0,0,0,0,0.21303,0,0,0,0,0,0,0,0,0,0,0.44455,0,0,0,0,0,0,0,0,0,0,0,0
0,0,0,0,0,0,0.12782,0,0,0,0,0,0,0,0,0,0,0,0,0.34594,0,0,0,0,0,0,0.27549,0,0,0
0,0,0,0,0,0,0,0,0,0,0,0,0,0,0,0,0,0.33341,0,0.43243,0,0,0,0,0,0,0,0,0,0
0,0,0,0,0,0,0,0,0,0,0,0.95596,0,0,0,0,0,0,0,0,0,0,0,0,0,0,0,0,0,0
0,0,0,0,0,0,0,0,0,0,0,0,0,0,0,0,0,0.66683,0,0,0,0,0,0,0,0,0,0,0,0
0.18175,0,0,0,0.052447,0,0.11278,0,0,0,0,0.056233,0,0,0,0,0,0.039225,0,0.10175,0,0,0,0,0,0.076778,0.12154,0.08731,0,0.15452
0,0,0,0,0,0,0.21303,0,0,0,0,0,0,0,0,0,0,0.22228,0,0.28829,0,0,0,0,0,0,0,0,0,0
NaN,NaN,NaN,NaN,NaN,NaN,NaN,NaN,NaN,NaN,NaN,NaN,NaN,NaN,NaN,NaN,NaN,NaN,NaN,NaN,NaN,NaN,NaN,NaN,NaN,NaN,NaN,NaN,NaN,NaN
0,0,0,0,0,0,0,0,0,0,0,0,0,0,0,0,0,0,0,0.86486,0,0,0,0,0,0,0,0,0,0
0,0,0,0,0,0,0.63908,0,0,0,0,0,0,0,0,0,0,0,0,0,0,0,0,0,0,0,0,0,0,0
0,0,0,0,0.4458,0,0,0,0,0,0,0,0,0,0,0,0,0,0,0.43243,0,0,0,0,0,0,0,0,0,0
0,0,0,0,0,0,0,0.57366,0,0,0,0,0,0,0,0,0,0,0,0,0.61086,0,0,0,0,0,0.22957,0,0,0
0,0,0,0,0,0,0,0,0,0.73243,0,0.47798,0,0,0,0,0,0,0,0,0,0,0,0,0,0,0,0,0,0
0,0,0.32769,0,0,0,0.21303,0.28683,0,0.24414,0,0,0,0,0,0,0,0.11114,0,0,0,0,0,0,0,0,0,0,0,0
0,0,0,0,0.17832,0,0,0,0,0.29297,0,0.38238,0,0,0,0,0,0,0,0,0,0,0,0,0,0,0.13774,0,0,0
0,0,0,0,0,0,0.31954,0,0,0,0,0,0,0,0,0,0,0,0,0,0,0,0,0,0,0,0.34436,0,0,0
0,0,0,0,0,0,0,0,0,0,0,0,0,0,0,0,0,0.13337,0,0.17297,0,0,0,0.38241,0,0,0.13774,0.29685,0,0
0,0,0,0,0.063686,0,0.22824,0,0,0,0,0,0,0,0,0,0,0.047631,0,0.061776,0,0,0,0.13657,0,0,0.14758,0.10602,0,0.093818
0,0,0,0,0.2972,0,0,0,0,0,0,0.31865,0,0,0,0,0,0.22228,0,0,0,0,0,0,0,0,0,0,0,0
0.30898,0,0,0,0.17832,0,0,0,0,0,0,0,0,0,0,0,0,0.13337,0,0.17297,0,0,0,0,0,0,0.13774,0,0,0
0,0,0,0,0,0,0.21303,0,0,0,0,0,0,0,0,0,0,0.44455,0,0,0,0,0,0,0,0,0,0,0,0
0.25748,0,0,0,0.1486,0,0.21303,0,0,0,0,0,0,0,0,0,0,0.11114,0,0.14414,0,0,0,0,0,0,0,0,0,0
0.77245,0,0,0,0,0,0,0,0,0,0,0.47798,0,0,0,0,0,0,0,0,0,0,0,0,0,0,0,0,0,0
0,0,0,0,0,0,0.31954,0,0,0,0,0,0,0,0,0,0,0,0,0.21621,0,0,0,0,0,0,0.17218,0,0,0
0,0,0,0,0,0,0.21303,0,0,0,0,0,0,0,0,0,0,0,0,0.28829,0,0,0,0,0,0,0.22957,0,0,0
0,0,0,0,0.2972,0,0.21303,0,0,0,0,0,0,0,0,0,0,0,0,0.14414,0,0,0,0,0,0,0.11479,0,0,0
0,0,0,0,0,0,0.12782,0,0,0,0,0,0,0,0,0,0,0,0,0.51892,0,0,0,0,0,0,0.13774,0,0,0
0.77245,0,0,0,0,0,0,0,0,0,0,0,0,0,0,0,0,0,0,0.43243,0,0,0,0,0,0,0,0,0,0
0,0,0,0,0.17832,0,0.25563,0,0,0,0,0,0,0,0,0,0,0.13337,0,0,0,0,0,0,0,0,0.13774,0,0,0
0,0,0,0,0.081054,0,0.17429,0,0,0.13317,0,0.086905,0,0,0,0,0,0.060621,0,0.15725,0,0,0,0,0,0,0.06261,0.13493,0,0
0,0,0,0,0.17832,0,0,0,0,0.29297,0,0.38238,0,0,0,0,0,0,0,0,0,0,0,0,0,0,0.13774,0,0,0
0,0,0,0,0,0,0,0,0,0,0,0.38238,0,0,0,0,0,0.13337,0,0,0,0,0,0,0,0,0.27549,0,0,0
0,0,0,0,0,0,0.12782,0,0,0,0,0,0,0,0,0,0,0.13337,0.37073,0,0,0,0,0,0,0,0.13774,0,0,0.26269
0,0,0,0,0,0,0,0,0,0,0,0.19119,0,0,0,0,0,0,0,0.51892,0,0,0,0,0,0,0,0,0,0.26269
0,0,0,0,0,0,0.63908,0,0,0,0,0,0,0,0,0,0,0,0,0,0,0,0,0,0,0,0,0,0,0
0,0,0,0,0,0,0,0,0,0,0,0,0,0,0,0,0,0,0,0.64864,0,0,0,0,0,0,0,0,0,0.32836
0,0,0,0,0,0,0.23965,0,0,0,0,0.35848,0,0,0,0,0,0,0,0,0,0,0.20686,0,0,0,0,0,0,0.16418
0,0,0,0,0,0,0.091297,0,0,0,0,0.13657,0,0,0,0,0,0.095261,0.2648,0.12355,0,0,0.23641,0,0,0.18646,0,0,0,0
0,0,0,0,0,0,0.10651,0,0,0,0,0.31865,0,0,0,0,0,0.11114,0,0.14414,0,0,0,0,0,0,0.11479,0,0,0
0,0,0,0,0,0,0,0,0,0,0,0.23899,0,0,0,0,0,0.16671,0,0,0,0.66882,0.41373,0,0,0,0,0,0,0
0,0.67759,0,0,0,0,0.091297,0,0,0,0,0,0,0,0,0,0,0,0,0.2471,0,0,0,0,0,0,0.098388,0,0,0.18764
0.15449,0,0,0.08605,0,0,0.063908,0,0,0,0,0.23899,0,0,0,0,0,0.066683,0,0.086486,0.091629,0,0,0,0,0.065261,0.068871,0,0,0.13135
0,0,0.78645,0,0,0,0,0,0,0,0.44349,0,0,0,0,0,0,0,0,0.17297,0,0,0,0,0,0,0,0,0,0.26269
0,0.72972,0.30248,0,0,0,0,0.13238,0,0,0.34114,0,0,0,0,0,0,0,0,0.13306,0,0,0,0,0,0,0,0,0,0.20207
0,0,0.24576,0,0.055725,0,0.039942,0,0,0,0.97012,0,0,0,0,0,0,0.041677,0,0.054054,0,0,0,0,0,0.24473,0,0,0,0
0,0,0.80432,0,0,0,0,0,0,0,0.20158,0.043453,0,0,0,0,0,0.03031,0,0.15725,0,0,0.075223,0,0,0.23731,0,0,0,0
0,0,0.98306,0,0,0,0.10651,0,0,0,0.36957,0,0,0,0,0,0,0,0,0,0,0,0,0,0,0.21754,0,0,0,0
0,0,0.11565,0,0,0.39312,0.075186,0,0,0,0.39131,0.056233,0,0,0,0,0,0,0,0.2035,0,0.15737,0,0,0,0,0.081025,0,0,0
0,0.19763,0.32769,0,0,0.18564,0.10651,0,0,0,0.55436,0,0,0,0,0,0,0,0,0.14414,0,0,0,0,0,0,0,0,0,0.10945
0,0.24324,0.30248,0,0.022861,0.05712,0.032773,0,0,0,0.398,0.024512,0,0,0,0,0,0.017098,0,0.11088,0,0.13719,0.042433,0,0,0.26774,0,0,0,0
0,0.28459,0.39322,0,0,0.044554,0.038345,0,0,0.029297,0.62088,0,0,0,0,0,0,0,0,0.051892,0,0,0.033098,0,0,0.10442,0.027549,0,0.1118,0.078807
0,0.26776,0.5391,0,0,0.071861,0.030923,0,0,0.07088,0.39341,0.015419,0,0.036437,0,0,0,0,0,0.041848,0,0,0.026692,0,0,0.042104,0.011108,0,0.18033,0.12711
0,0.23423,0.33982,0.042494,0,0.055005,0,0,0,0,0.35588,0,0,0.02789,0,0,0.067873,0,0,0.010677,0.022624,0.52845,0.040862,0,0.022454,0.064456,0.017005,0.018324,0.31056,0.016216
0,0.16078,0.43321,0.014585,0.015112,0.056636,0.010832,0,0,0.037242,0.20671,0,0,0.057435,0,0.01729,0.01553,0.0056511,0,0.043976,0.062121,0.11336,0.028049,0,0.061654,0.1438,0.023346,0.025157,0.26056,0.055655
0.032524,0.29957,0.26905,0.018116,0,0.023449,0.013454,0,0,0.030839,0.16339,0,0.028161,0.09512,0,0.021476,0.13503,0.014039,0,0.018208,0.01929,0.084482,0.06968,0,0.13402,0.054957,0.021749,0.031248,0.058843,0.16591
0.024918,0.28688,0.12685,0.041637,0,0.071861,0.015462,0.12491,0.017965,0.18901,0.17882,0.0077093,0.043149,0.091093,0.015792,0,0.014779,0,0.014949,0.062772,0.073894,0.064724,0.040038,0,0.029335,0.073682,0.011108,0.01197,0.13524,0.04237
0,0.32996,0.085483,0.02993,0.007753,0.11623,0.016672,0.13469,0,0.11464,0.038564,0.016625,0.11632,0.078577,0.017028,0,0.12748,0,0.016119,0.022562,0.047806,0.069789,0.057562,0,0.063262,0.034049,0.0059888,0.064534,0.12152,0.11421
0.071856,0.082729,0.068585,0.14008,0,0.10361,0,0.080046,0,0.2044,0.025784,0.033347,0.062215,0.078806,0.02277,0,0.021309,0,0.021554,0.040226,0.021309,0.031108,0.038486,0.088932,0.10574,0.075885,0.016017,0.017259,0.032501,0.168
0.040127,0.0154,0.025534,0.15645,0,0.10126,0.0082997,0.089402,0.014465,0.12366,0.043197,0.018623,0.069487,0.16136,0,0,0.1309,0.0043301,0.024073,0.016848,0.071399,0.069487,0.11821,0.049664,0.21259,0.084755,0.0089443,0.019276,0,0.059703
0.025052,0.064097,0.13816,0.0093027,0.014458,0.084291,0.0034545,0.12093,0,0.11877,0.16781,0.031004,0.014461,0.20759,0,0,0.059435,0.010813,0.030059,0.023375,0.0099058,0.072304,0.071563,0.010335,0.068819,0.084663,0.011168,0.0080231,0.030217,0.20589
0.0063316,0.077757,0.29008,0.014106,0,0.073039,0.0078575,0.077586,0,0.066039,0.20902,0.023507,0.043857,0.14814,0,0.058531,0.015021,0.0054658,0,0.021267,0.045063,0.065785,0.1153,0.0078363,0.007454,0.053493,0.0028226,0.024332,0.13746,0.21532
0.025326,0.14774,0.1805,0,0.0058465,0.16799,0.0020953,0.090281,0,0.12487,0.14541,0.018806,0.15788,0.18517,0,0,0.012017,0.0087453,0.0060775,0.039698,0.030042,0.1842,0.032555,0,0.011926,0.051353,0.0045161,0.0048665,0.20161,0.10335
0.015097,0.23948,0.064043,0,0,0.20318,0.0062451,0.044847,0,0.11929,0.12279,0.015569,0.20043,0.28699,0,0,0,0.0021721,0,0.01972,0.011939,0.13071,0.053906,0,0.011849,0.072276,0.0022434,0.0048348,0.19119,0.16258
0.016093,0.23469,0.17408,0,0,0.33647,0.0066571,0.017927,0,0.07248,0.15014,0.0049789,0.37621,0.15884,0,0,0,0.0034731,0,0.02027,0.0047723,0.11844,0.030167,0,0,0.054384,0.0017935,0.0077306,0.23292,0.092352
0.020012,0.22118,0.18337,0,0.011549,0.32319,0.0033113,0.026751,0,0.072104,0.18957,0.0099063,0.48515,0.15802,0,0,0.0094952,0,0,0.0022406,0.014243,0.12475,0.025724,0,0,0.037196,0.0071369,0.011536,0.18827,0.044236
0.012101,0.24149,0.14887,0,0.016296,0.15123,0.023361,0.044934,0,0.084143,0.24316,0.0074879,0.12573,0.32441,0,0,0,0.0069643,0,0.0090325,0.023924,0.17463,0,0,0,0.030671,0.0035964,0.0038754,0.42327,0.024006
0.021048,0.34249,0.11786,0,0.012147,0.11533,0.0087068,0.056272,0,0.095794,0.20543,0.039072,0.087474,0.19082,0,0.011118,0,0.0090849,0,0.0023566,0.044941,0.29887,0.0045093,0.0052099,0,0.024895,0.0018766,0.020222,0.39603,0.017895
0.0068662,0.34256,0.1136,0,0.017832,0.15346,0.0056807,0.015298,0,0.048829,0.3745,0.023368,0.19024,0.23595,0,0,0,0.0088911,0.0041192,0.015375,0.0040724,0.24969,0.0073551,0.021245,0,0.023204,0.0030609,0.0098952,0.28572,0.011675
0,0.40401,0.25229,0.0038075,0.013808,0.093642,0.0098973,0.022845,0.0049285,0.03889,0.28454,0.021149,0.04735,0.16493,0,0,0,0.0059011,0,0,0.016218,0.29594,0.018306,0,0,0.017326,0.0030474,0.0065676,0.48233,0.011624
0.0033658,0.37718,0.17134,0,0.0077699,0.08736,0.0069617,0.014998,0,0.041488,0.40097,0.010413,0.040799,0.16734,0,0,0.0079851,0.0029056,0.0080768,0,0.03194,0.37302,0.014422,0,0,0.019905,0.0045014,0.0064674,0.43844,0.017169
0,0.45994,0.15093,0,0.009006,0.063005,0.014202,0.013907,0,0.038471,0.34493,0.0019312,0.027023,0.20081,0,0,0.0037022,0.0013471,0,0.0052416,0.018511,0.28644,0,0,0,0.018458,0,0.011994,0.62112,0.0079603
0.011838,0.38618,0.094162,0,0.0085402,0.10242,0.011019,0.013188,0.0085352,0.039287,0.44603,0.0073253,0.11275,0.21639,0,0,0.017553,0,0,0.0066273,0.0035107,0.28188,0.0095109,0,0.0034843,0.012502,0.0013194,0.014217,0.44978,0.012581
0,0.59801,0.097458,0,0.0096077,0.11042,0.011019,0.033381,0,0.022099,0.23895,0.0041205,0.14991,0.18014,0,0,0,0.0028743,0.0079898,0.0037278,0,0.31711,0,0,0.0039198,0,0.0014843,0.0063977,0.53612,0.0084922
0,0.42444,0.11876,0.0038501,0.0039893,0.13456,0.011438,0.038501,0,0.02294,0.33237,0,0.10773,0.080863,0,0,0,0.0044754,0,0.013544,0,0.45485,0,0,0,0.00292,0.006163,0.0099616,0.55651,0.0029384
0,0.31952,0.29433,0,0.010678,0.033349,0.0057402,0.030916,0,0.017543,0.43154,0.0085864,0.040049,0.081165,0,0,0,0.003993,0,0.010358,0.01646,0.27233,0.0049548,0,0,0,0.012372,0.0044439,0.65274,0.011798
0.0038719,0.31502,0.16261,0.0043133,0.0044692,0.134,0.0064068,0.021566,0,0.036713,0.3001,0,0.14751,0.0056619,0.0049078,0,0,0,0,0.010838,0.0091859,0.39559,0,0,0,0,0.015535,0.02232,0.73554,0.0065837
0.037226,0.28573,0.41454,0,0.010742,0.080519,0.0076998,0.062204,0,0.088244,0.4141,0.011518,0.048348,0.027218,0.011796,0,0.01104,0.020085,0,0.01042,0,0.032232,0,0,0,0,0.020744,0.0089414,0.38727,0.023737
0.021163,0.32487,0,0,0.061068,0.061032,0.035018,0.04715,0,0.16053,0.21263,0.026191,0,0.09284,0.026825,0,0.025104,0.063943,0,0.04739,0.10042,0.073295,0,0,0,0,0,0.040665,0.26802,0.017993
0.029149,0.17899,0,0.032472,0.11776,0.1261,0.036174,0.064943,0,0.027639,0.083677,0.018037,0.30286,0.042625,0.036947,0,0.034577,0.037745,0,0.065272,0,0.050477,0.062449,0,0,0,0.051978,0.084016,0.052737,0.024782
0.063057,0.3872,0.040125,0.035122,0.054588,0.13639,0.013042,0.035122,0,0.11958,0,0.039019,0.10919,0.046104,0,0.041637,0,0,0.037829,0.070601,0.0374,0,0.067547,0,0.037118,0.053275,0.028111,0.030291,0.28521,0
0.038622,0.23716,0.049153,0.12907,0.04458,0.22277,0.015977,0.08605,0,0.14649,0,0.047798,0,0.11295,0,0,0.091629,0.033341,0,0,0.091629,0,0,0,0,0.065261,0.017218,0.074214,0.069877,0.065673
0.11035,0.056466,0.093624,0.20488,0.063686,0.10608,0,0.040976,0,0.069755,0,0.022761,0.12739,0,0,0,0.087266,0.031754,0.17654,0.020592,0.043633,0,0,0,0,0.09323,0.016398,0.07068,0.19965,0.031273
0,0.17567,0,0.12748,0.033022,0,0.02367,0,0,0.27127,0,0,0.19817,0.16734,0.072526,0,0.20362,0.024697,0,0,0,0.099084,0,0,0,0.048342,0.025508,0.10995,0,0.097293
0.057218,0,0,0.12748,0.049533,0.24752,0.035504,0.06374,0,0.054254,0,0.035406,0.49542,0.12551,0,0,0,0.061744,0.034327,0.016016,0.033937,0.19817,0,0,0,0,0,0.027487,0.20704,0
0,0.11858,0,0,0.04458,0.11138,0.031954,0.08605,0,0.073243,0.11087,0.095596,0,0.22591,0,0.10201,0,0.13337,0.092682,0,0.18326,0,0,0,0,0,0,0.074214,0,0
0.059419,0,0,0.13238,0.068584,0.08568,0.02458,0.13238,0,0.16902,0,0.036768,0,0.086888,0,0.07847,0,0.12824,0,0,0.070484,0.10289,0.06365,0,0,0,0.026489,0.057087,0,0.050518
0.11884,0,0,0,0.068584,0,0.04916,0.26477,0,0.11268,0,0.14707,0,0.17378,0,0,0,0,0.14259,0,0,0,0,0,0,0,0.052978,0.22835,0,0
0,0,0,0.090578,0,0,0.10091,0.18116,0,0,0.11671,0,0,0,0,0,0.28935,0,0.09756,0,0.1929,0,0,0,0.19145,0,0,0.23436,0.14711,0
0,0,0,0,0.11145,0,0.079885,0,0,0,0,0,0.33441,0,0,0,0,0.083354,0.2317,0,0,0,0,0.23901,0,0,0,0.37107,0,0
0,0,0,0,0,0,0.042605,0,0,0,0,0,0,0,0,0,0.12217,0.13337,0.12358,0.057657,0,0,0,0.38241,0,0,0.18366,0,0,0.087564
0,0,0,0.19122,0.099066,0,0.071009,0,0,0,0,0,0,0,0,0.45338,0,0.22228,0,0,0,0,0,0,0.20209,0,0,0,0,0
0,0,0.28087,0,0,0,0,0,0.31824,0,0,0,0,0,0,0,0.2618,0.095261,0,0,0.2618,0,0,0,0,0,0,0.42408,0,0
0.17166,0,0,0,0,0.24752,0.071009,0,0.24752,0,0,0,0,0,0,0.45338,0.20362,0,0,0.096095,0,0,0,0,0,0,0,0.16492,0,0
0.08131,0.37446,0,0.090578,0,0.23449,0.033636,0.090578,0,0,0,0,0.1408,0,0,0,0.1929,0.070193,0,0.045519,0,0.1408,0,0,0,0,0.036248,0.07812,0,0.069129
0,0,0.17874,0,0,0,0,0,0,0,0,0.17381,0,0,0,0,0,0.060621,0,0.15725,0,0,0,0,0.33069,0.11866,0.06261,0.13493,0,0
0,0,0,0,0.12737,0,0,0,0,0.41853,0,0,0.38218,0,0,0,0,0,0,0,0,0,0.47283,0,0,0,0.098388,0,0,0
0.30898,0,0,0,0,0,0.12782,0,0,0,0,0,0,0,0,0,0,0.13337,0,0,0,0,0.33098,0,0,0,0.13774,0,0,0
0,0,0,0,0,0,0.21303,0,0,0.48829,0,0.31865,0,0,0,0,0,0,0,0,0,0,0,0,0,0,0,0,0,0
0,0,0,0,0,0,0.12782,0,0,0,0,0,0.53505,0,0,0,0,0.13337,0,0,0,0,0,0,0,0,0.27549,0,0,0
0,0,0.65537,0,0,0,0.21303,0,0,0,0,0,0,0,0,0,0,0.22228,0,0,0,0,0,0,0,0,0,0,0,0
0,0.59289,0,0,0,0,0,0,0,0.36621,0,0,0,0,0,0,0,0.16671,0.2317,0.10811,0,0,0,0,0,0,0,0,0,0
0,0,0.089369,0,0.040527,0.20252,0.058098,0.078227,0,0,0.10079,0.13036,0.24321,0.30806,0,0,0,0.090931,0,0,0,0.1216,0,0,0,0,0,0,0.12705,0.059703
0,0,0,0,0.6687,0,0,0,0,0,0,0,0,0,0,0,0,0.16671,0,0,0,0,0,0,0,0,0,0,0,0
0,0,0,0,0,0,0.63908,0,0,0,0,0,0,0,0,0,0,0,0,0,0,0,0,0,0,0,0,0,0,0
0,0,0,0,0.17832,0,0.38345,0,0,0,0,0.19119,0,0,0,0,0,0,0,0,0,0,0,0,0,0,0,0,0,0
0,0.29645,0,0,0,0,0.23965,0,0,0,0,0,0,0,0,0,0,0.25006,0,0,0,0,0,0,0,0,0.086089,0,0,0
0,0.79053,0,0,0.099066,0,0.21303,0.19122,0,0,0,0,0,0,0,0,0,0,0,0.096095,0,0,0,0,0,0,0,0,0,0
0,0,0,0,0,0,0.21303,0,0,0,0,0,0,0,0,0,0,0,0,0,0,0,0,0,0,0,0.22957,0,0,0.43782
0,0,0,0,0.38211,0,0.18259,0,0,0,0,0.13657,0,0,0,0,0,0,0,0.12355,0,0,0,0,0,0,0,0,0,0
0,0,0,0,0.2229,0,0.23965,0,0,0,0,0.11949,0,0,0,0,0,0.083354,0,0,0,0.33441,0,0,0,0,0,0,0,0
0.38622,0,0,0,0,0,0,0,0,0,0,0,0,0,0,0,0,0.33341,0,0.21621,0,0,0,0,0,0,0,0,0,0
0,0,0,0,0.1486,0,0,0,0,0,0,0.15933,0,0,0,0,0,0.11114,0,0.28829,0,0,0,0,0,0,0.11479,0,0,0
0,0,0,0,0,0,0,0,0,0,0,0,0,0,0,0,0,0.50012,0,0,0,0,0,0,0,0.32631,0,0,0,0
0.16262,0,0.10348,0,0.046926,0,0.033636,0,0,0,0.11671,0.050313,0,0,0,0,0,0.10529,0,0,0,0,0.1742,0,0,0.27478,0.10874,0,0,0
0,0,0,0,0,0,0,0,0,0,0,0.57357,0,0,0,0,0,0.13337,0,0,0,0,0,0,0,0,0.13774,0,0,0
0,0,0.56175,0,0.12737,0,0.091297,0,0,0,0,0,0,0,0,0,0,0.095261,0,0,0,0,0,0,0,0.18646,0.098388,0,0,0
0,1.5811,0,0,0,0,0,0,0,0,0,0,0,0,0,0,0,0,0,0.28829,0,0,0,0,0,0,0,0,0,0
0,0,0,0,0,0,0,0,0,0,0.44349,0.19119,0,0,0,0,0,0.13337,0,0,0,0,0,0,0,0,0.13774,0.29685,0,0
0,0,0,0,0.25474,0,0,0,0,0,0.63355,0,0,0,0,0,0,0,0,0,0,0.38218,0,0,0,0,0.098388,0,0.39929,0
0,0,0,0,0,0,0.075186,0,0,0.086168,0.65218,0,0,0,0,0,0,0.078451,0,0,0,0.4721,0,0,0,0,0.040513,0,0.32883,0.077262
0,0.34586,0.040961,0,0.018575,0.41769,0.039942,0.035854,0,0.030518,0.23098,0,0.27867,0,0,0,0,0.013892,0,0.018018,0,0.33441,0,0,0,0,0.014348,0,0.17469,0.082091
0,0.3388,0.045724,0,0.0088864,0.47366,0.012739,0.057176,0,0.034066,0.036834,0,0.63993,0.015011,0.0065057,0.0067781,0,0.0088615,0,0,0,0.16887,0,0,0,0.0086726,0,0,0.49215,0.0087273
0,0.44656,0.055031,0,0.011343,0.36278,0.019514,0.030654,0,0.037274,0.062065,0.0072974,0.57181,0.15521,0.0049827,0.0051914,0.0046631,0.0067871,0,0,0,0.14295,0,0,0,0.0033212,0,0,0.36272,0.016711
0.006659,0.38845,0.11864,0,0.0038431,0.21125,0.013773,0.03709,0,0.059983,0.14815,0.0041205,0.32864,0.26778,0,0,0,0.012934,0,0.0093196,0.0039495,0.23639,0,0,0,0.002813,0,0,0.3795,0.022646
0.0036522,0.15698,0.088312,0,0.016862,0.38445,0.016619,0.061028,0.0052664,0.093501,0.15726,0.0022599,0.46169,0.30976,0,0,0,0.0015764,0,0.02658,0,0.20871,0,0,0,0.0061713,0,0,0.11894,0.034156
0,0.21283,0.058815,0,0.0095256,0.31416,0.025946,0.051483,0,0.090771,0.15162,0.0040853,0.52019,0.2848,0,0,0.0039158,0.0028497,0,0.02772,0,0.18292,0.0035361,0,0,0.027889,0.0058864,0.0063431,0.10153,0.030872
0,0.13456,0.1069,0,0.010539,0.32125,0.025684,0.052891,0,0.076186,0.1363,0.0045199,0.53758,0.39521,0,0,0.012997,0,0,0.018401,0,0.20238,0.0078246,0,0.0042997,0.0061713,0.0032563,0.0035089,0.072685,0.024841
0.0067908,0.21891,0.056175,0,0.0039191,0.3721,0.014046,0.086995,0,0.051511,0.092596,0.004202,0.55269,0.3128,0,0,0.0080553,0.0014656,0,0.0095039,0,0.23519,0.0072743,0,0.0079947,0.014343,0.004541,0.0065243,0.172,0.0086602
0,0.36371,0.037174,0,0.0037462,0.40716,0.010741,0.054233,0,0.052316,0.10714,0.0020083,0.56203,0.2373,0,0,0,0.0042027,0,0.0054508,0,0.16299,0.01043,0,0.003821,0.0054841,0.0086813,0.0031182,0.22901,0.011037
0.0032052,0.3887,0,0,0.0092489,0.42058,0.011933,0.035705,0,0.024313,0.027603,0,0.7937,0.074991,0,0,0,0.0069173,0,0.0017943,0,0.13321,0.0034334,0,0.0037734,0.0027079,0.0028577,0,0.44072,0.008175
0,0.18502,0,0,0.015808,0.58457,0.031727,0.048822,0,0,0.031453,0.01017,0.98662,0.008011,0,0,0,0.0094586,0,0.0030669,0,0.066407,0.011737,0,0,0,0.014653,0.0052634,0.24779,0.0046576
0,0.17185,0.056989,0,0.051687,0.74256,0.055572,0.049884,0,0,0.032137,0.013854,0.85298,0,0,0,0,0.0096642,0,0,0,0,0,0,0,0,0.0099813,0,0,0.019036
0,0,0.42131,0,0.031843,0.47736,0.022824,0,0,0,0.079194,0,0.38218,0,0,0,0,0.047631,0,0.030888,0,0,0.17731,0,0,0.09323,0.024597,0,0,0
0.041754,0,0,0,0.072292,0,0.017272,0,0,0,0.05993,0.025837,0,0,0,0,0,0.018022,0.15029,0.046749,0,0,0.31309,0,0,0.35276,0.11168,0,0,0.035499
0,0,0.054614,0,0.049533,0,0,0,0,0,0.12319,0.053109,0,0,0,0.056673,0,0.037046,0.25745,0,0,0,0.45969,0,0,0.18128,0.11479,0,0,0
0,0,0.024273,0,0.055037,0,0.0078899,0,0.055005,0,0,0,0,0,0.096702,0.32744,0,0.03293,0.4348,0,0,0,0.34732,0.047211,0,0.16114,0.017005,0.018324,0,0
0,0,0,0,0.10489,0,0.0093982,0,0.13104,0,0.065218,0,0,0,0.028797,0.36004,0,0,0.24533,0.012719,0.02695,0,0.29204,0.11247,0,0.19195,0.020256,0.021828,0,0
0,0,0.026933,0,0.048855,0,0.026264,0,0,0,0,0.026191,0,0,0.080474,0.44717,0.025104,0.018269,0.55863,0,0,0,0.18136,0,0.024915,0.10728,0.0094344,0.020333,0,0.035985
0,0,0.025207,0.044128,0.057154,0,0.032773,0,0,0,0,0,0,0,0.075316,0.65392,0,0.0085491,0.59411,0,0.023495,0,0.1273,0.024513,0,0.016734,0.0088296,0.038058,0,0
0,0,0.040125,0.070245,0.14557,0,0.05217,0,0.045463,0,0,0,0,0,0.079927,0.45801,0,0.027218,0.41612,0,0,0,0.033773,0,0,0.13319,0,0.030291,0,0
0,0,0.10083,0,0.068584,0,0.032773,0,0,0,0,0.024512,0,0,0.05021,0.52313,0,0.034196,0.57035,0,0,0,0.1273,0.049027,0,0.033467,0,0,0,0.033678
0,0,0.043691,0,0.079253,0,0.056807,0,0,0.032552,0.049276,0,0,0,0.087031,0.36271,0,0,0.57669,0,0.040724,0,0.073551,0,0,0.14503,0.030609,0,0,0
0.11035,0,0,0,0.19106,0,0.091297,0,0,0,0,0.034141,0,0,0,0.072865,0,0.047631,0.39721,0,0,0,0.11821,0,0,0.09323,0.024597,0,0,0.046909
0,0,0,0,0.075881,0,0.013597,0,0,0,0.047179,0,0,0,0,0.26045,0,0,0.31551,0.018401,0.038991,0,0.49295,0,0,0.27771,0.014653,0,0,0
0.053272,0,0.20339,0,0.18447,0,0.044074,0.059344,0,0,0.076463,0.032964,0,0,0,0.070352,0,0.022994,0.063918,0.059645,0,0,0.34239,0,0,0.090016,0.023749,0,0,0
0,0,0.038551,0,0.12238,0,0.012531,0,0,0,0,0.037488,0,0,0,0,0,0.02615,0.10904,0,0,0,0.29204,0,0,0.51185,0.054017,0.029103,0,0.025754
0.022719,0,0,0,0.039335,0,0.0093982,0,0,0,0,0.028116,0,0,0.028797,0.27003,0,0.029419,0.27259,0.025437,0,0,0.43806,0.028118,0,0.28792,0.020256,0,0,0
0.048278,0,0.12288,0,0.027862,0,0.019971,0,0,0,0.069295,0,0,0,0,0.19127,0,0.020838,0.40548,0,0,0,0.15515,0,0,0.48946,0,0,0,0
0,0,0,0,0.048194,0,0.025909,0,0,0,0,0.012918,0,0,0.052925,0.27571,0,0.018022,0.75147,0.011687,0,0,0.246,0,0,0.17638,0,0,0,0
0,0,0.077102,0,0.10489,0.04368,0.062655,0,0,0.086168,0,0,0.052456,0.044296,0,0.20002,0,0.039225,0.18173,0.11871,0,0,0.22714,0,0,0.12796,0,0,0,0
0,0,0.26811,0,0.040527,0,0.058098,0,0,0,0.10079,0.021726,0,0,0,0.27821,0,0,0.084256,0.019656,0,0.1824,0.3385,0,0,0.17799,0.031305,0,0,0
0,0,0,0,0.20575,0,0.14748,0,0,0.11268,0,0,0,0,0,0,0,0,0.28517,0,0,0,0.2546,0,0,0.1004,0.052978,0,0,0
0.23768,0,0,0,0.13717,0,0.14748,0,0,0,0,0.14707,0,0,0,0,0,0.051295,0,0.13306,0,0,0,0,0,0.1004,0,0,0,0
0,0,0,0,0.081054,0,0,0,0,0,0,0.17381,0,0,0,0.7419,0,0,0.16851,0,0,0,0.30089,0,0,0.11866,0,0,0,0
0,0,0,0,0.17832,0,0.25563,0,0,0,0,0,0,0,0,0,0,0,0,0,0,0,0,0,0,0.26105,0.13774,0,0,0
0,0,1.1797,0,0,0,0.12782,0,0,0,0,0,0,0,0,0,0,0,0,0.17297,0,0,0,0,0,0,0,0,0,0
0.51497,0,0,0,0.2972,0,0,0,0,0,0,0,0,0,0,0,0,0.22228,0,0,0,0,0,0,0,0,0,0,0,0
0,0,0.28087,0,0,0,0,0,0,0,0,0.4097,0,0,0,0,0,0,0,0,0.2618,0,0,0,0,0,0.19678,0,0,0
0,0,0,0,0.35664,0,0,0,0,0,0,0,0,0,0,0,0,0,0.74145,0,0,0,0,0,0,0,0,0.29685,0,0
0,0,0,0,0,0,0.21303,0,0,0,0,0,0,0,0,0,0,0.22228,0,0,0,0,0,0,0,0.43508,0,0,0,0
0.19311,0,0,0,0.11145,0,0,0,0,0,0,0.23899,0,0,0,0,0,0.083354,0.2317,0,0,0,0,0,0,0,0,0,0,0.32836
0,0,0,0,0.08916,0,0.12782,0,0,0,0,0.095596,0,0,0.19582,0,0,0.20005,0,0,0,0,0.16549,0,0,0,0,0,0,0.13135
0.38622,0,0,0,0,0,0.15977,0,0,0,0,0,0.33441,0,0,0,0,0,0,0.10811,0,0,0,0,0,0,0,0,0,0.32836
0,0,0,0,0,0,0.14202,0,0,0,0,0.21243,0,0,0,0.45338,0,0.074092,0,0.19219,0,0,0,0,0,0,0,0,0,0
0,0,0,0,0,0,0,0,0,0,0,0,0,0,0,0,0,0,0,0,0,0,0,0,0,0,0.68871,0,0,0
0,0,0,0,0,0,0,0,0,0,0,0,0,0,0,0,0,0.22228,0,0.28829,0,0,0,0,0,0,0.22957,0,0,0
0,0,0,0,0.2972,0,0,0,0,0,0,0,0,0,0,0,0,0.22228,0,0.28829,0,0,0,0,0,0,0,0,0,0
0,0,0,0,0.38211,0,0.091297,0,0,0.20927,0,0,0,0,0,0,0,0.095261,0,0,0,0,0,0,0,0,0,0,0,0.18764
0,0,0,0,0.35664,0,0,0,0,0,0,0,0,0,0,0,0,0.13337,0,0,0,0,0,0,0,0.26105,0.13774,0,0,0
0,0,0,0,0,0,0.12782,0,0,0,0,0.19119,0,0,0,0,0,0.26673,0,0,0,0,0,0,0,0,0.13774,0,0,0
0,0,0,0,0.17832,0,0.12782,0,0,0,0,0.57357,0,0,0,0,0,0,0,0,0,0,0,0,0,0,0,0,0,0
0,0,0,0,0,0,0,0,0,0,0,0,0,0,0,0,0,0.33341,0.46341,0,0,0,0,0,0,0,0,0,0,0.32836
0,0,0,0,0,0,0,0,0,0,0,0,0,0,0,0,0,0.33341,0,0.21621,0,0,0,0,0,0,0.17218,0,0,0
0,0,0,0,0.099066,0,0.071009,0,0,0,0,0.42487,0,0,0,0,0,0.14818,0,0,0,0,0,0,0,0,0.076524,0,0,0
0.25748,0,0,0,0.2972,0,0.10651,0,0,0,0,0,0,0,0,0,0,0.11114,0,0.14414,0,0,0,0,0,0,0,0,0,0
0,0,0,0,0.17832,0,0,0,0,0,0,0,0,0,0,0,0,0.4001,0,0,0,0,0,0,0,0,0,0,0,0.26269
0.2207,0,0,0,0.12737,0,0,0,0,0.41853,0,0,0,0,0,0,0,0.28578,0,0,0,0,0,0,0,0,0,0,0,0
0,0,0,0,0,0,0.15977,0,0,0,0,0.23899,0,0,0,0,0,0.16671,0,0,0,0,0,0,0,0,0,0.37107,0,0
0,0,0,0,0.2972,0,0,0,0,0,0,0,0,0,0,0,0,0,0,0,0,0,0,0,0,0,0.45914,0,0,0
0.2207,0,0,0,0.12737,0,0.091297,0,0,0.20927,0,0,0,0,0,0,0,0.095261,0,0,0,0,0,0,0,0,0.19678,0,0,0
0,0,0,0,0,0,0,0,0,0,0,0,0,0,0,0,0,0.33341,0,0.43243,0,0,0,0,0,0,0,0,0,0
0,0,0,0,0,1.1138,0,0,0,0,0,0,0,0,0,0,0,0.33341,0,0,0,0,0,0,0,0,0,0,0,0
0,0,0,0,0,0,0.12782,0,0,0,0,0,0,0,0,0,0,0.26673,0,0,0,0,0,0,0,0,0,0,0,0.52538
0,0,0,0,0.8916,0,0,0,0,0,0,0,0,0,0,0,0,0,0,0,0,0,0,0,0,0,0,0,0,0
0,0,0,0.3442,0,0,0,0,0,0,0,0,0,0,0,0,0,0.13337,0,0,0.73303,0,0,0,0,0,0.13774,0,0,0
0,0,0,0,0.26748,0,0,0,0,0,0,0.095596,0,0,0,0,0,0.20005,0,0.17297,0,0,0,0,0,0,0.068871,0,0,0
0,0,0,0,0,0,0,0,0,0,0,0,0,0,0,0,0,0.66683,0,0,0,0,0,0,0,0,0,0,0,0
0,0,0,0,0,1.1138,0,0,0,0,0,0,0,0,0,0,0,0.33341,0,0,0,0,0,0,0,0,0,0,0,0
0,0,0,0,0.2972,0,0.21303,0,0,0,0,0,0,0,0,0,0,0,0,0,0,0,0,0,0,0,0.22957,0,0,0
0,0,0,0,0.4458,0,0,0,0,0,0,0,0,0,0,0,0,0.33341,0,0,0,0,0,0,0,0,0,0,0,0
1.0299,0,0,0,0,0,0.21303,0,0,0,0,0,0,0,0,0,0,0,0,0,0,0,0,0,0,0,0,0,0,0
0,0,0,0,0.4458,0,0,0,0,0,0,0.47798,0,0,0,0,0,0,0,0,0,0,0,0,0,0,0,0,0,0
0.51497,0,0,0,0,0,0.21303,0,0,0,0,0,0,0,0,0,0,0.22228,0,0,0,0,0,0,0,0,0,0,0,0
0.51497,0,0,0,0,0,0.10651,0,0,0,0,0,0,0,0,0,0,0.11114,0.30894,0,0,0,0,0,0,0,0,0.24738,0,0
0,0,0,0.43025,0,0,0,0,0,0,0,0,0,0,0,0,0,0,0,0,0,0,0,0,0,0,0.51653,0,0,0
0.30898,0,0,0,0,0,0.12782,0,0,0,0,0.19119,0,0,0,0,0,0.13337,0,0,0,0,0,0,0,0.26105,0,0,0,0
0,0,0.65537,0,0,0,0,0,0,0,0,0.31865,0,0,0,0,0,0,0,0,0,0,0,0,0,0,0,0,0,0.43782
0.11035,0,0,0,0,0,0.045649,0,0,0.20927,0,0.068283,0,0,0,0,0,0.047631,0,0.12355,0,0,0,0,0,0.18646,0.098388,0,0,0.18764
0,0,0,0,0.2972,0,0,0,0,0,0,0,0,0,0,0,0,0.22228,0,0.28829,0,0,0,0,0,0,0,0,0,0
0,0,0,0,0,0,0,0,0,0,0,0.23899,0,0,0,0,0,0,0,0.64864,0,0,0,0,0,0,0,0,0,0
0,0,0,0,0,0,0.31954,0,0,0,0,0,0,0,0,0,0,0,0,0,0,0,0,0,0,0,0,0.74214,0,0
NaN,NaN,NaN,NaN,NaN,NaN,NaN,NaN,NaN,NaN,NaN,NaN,NaN,NaN,NaN,NaN,NaN,NaN,NaN,NaN,NaN,NaN,NaN,NaN,NaN,NaN,NaN,NaN,NaN,NaN
0,0,0,0,0.2972,0,0,0.57366,0,0,0,0.31865,0,0,0,0,0,0,0,0,0,0,0,0,0,0,0,0,0,0
0,0,0,0,0,0,0.15977,0,0,0,0,0,0,0,0,0,0,0.16671,0,0.21621,0,0,0,0,0,0,0.17218,0,0,0
0,0,0,0,0.4458,0,0,0,0,0,0,0,0,0,0,0,0,0,0,0,0,0,0,0,0,0,0.34436,0,0,0
0,0,0,0,0,0,0.10651,0,0,0.24414,0,0.15933,0,0,0,0,0,0.22228,0,0,0,0,0,0,0,0,0,0,0,0.21891
0.38622,0,0,0,0,0,0,0,0,0,0,0.47798,0,0,0,0,0,0,0,0,0,0,0,0,0,0,0.17218,0,0,0
0.38622,0,0,0,0,0,0,0,0,0,0,0.23899,0,0,0,0,0,0.16671,0,0.21621,0,0,0,0,0,0,0,0,0,0
0,0,0,0,0,0,0,0.57366,0,0,0,0,0,0,0,0,0,0.22228,0,0.28829,0,0,0,0,0,0,0,0,0,0
0.17166,0,0,0,0.049533,0,0,0.19122,0,0.16276,0,0,0,0,0,0,0,0.037046,0,0.14414,0,0,0,0,0,0.072513,0.22957,0,0,0
0,0,0,0,0,0,0,0,0,0.73243,0,0,0,0,0,0,0,0,0,0,0,0,0,0,0,0,0.34436,0,0,0
0,0,0,0,0,0,0,0,0,0,0,0,0,0,0,0,0,0.19052,0,0,0,0,0.23641,0,0,0.37292,0.19678,0,0,0
0,0,0,0,0,0,0,0,0,1.4649,0,0,0,0,0,0,0,0,0,0,0,0,0,0,0,0,0,0,0,0
0,0,0,0,0.25474,0,0,0,0,0,0,0,0,0,0,0,0,0,0,0,0,0,0,0,0,0,0.19678,0.21204,0,0.37527
0,0,0,0,0.11145,0,0,0,0,0,0,0.23899,0,0,0.24478,0,0,0,0,0,0,0,0,0,0,0.48946,0,0.18553,0,0
0,0,0,0,0,0,0.12782,0,0,0,0,0,0,0,0,0,0,0.26673,0,0.17297,0,0,0,0,0,0,0,0.29685,0,0
0,0,0,0,0,0,0.079885,0,0,0,0,0.23899,0,0.28239,0,0,0,0.083354,0,0.21621,0,0,0,0,0,0,0.086089,0,0,0
0,0,0,0,0,0,0.21303,0,0,0,0,0,0,0.75303,0,0,0,0,0,0,0,0,0,0,0,0,0.22957,0,0,0
NaN,NaN,NaN,NaN,NaN,NaN,NaN,NaN,NaN,NaN,NaN,NaN,NaN,NaN,NaN,NaN,NaN,NaN,NaN,NaN,NaN,NaN,NaN,NaN,NaN,NaN,NaN,NaN,NaN,NaN
0,0,0,0,0,0,0.21303,0,0,0,0,0,0,0,0,0,0,0.22228,0,0,0,0,0,0,0,0.43508,0,0,0,0
NaN,NaN,NaN,NaN,NaN,NaN,NaN,NaN,NaN,NaN,NaN,NaN,NaN,NaN,NaN,NaN,NaN,NaN,NaN,NaN,NaN,NaN,NaN,NaN,NaN,NaN,NaN,NaN,NaN,NaN
0,0,0,0,0.1486,0,0.10651,0,0,0,0,0.15933,0,0,0,0,0,0.33341,0,0,0,0,0,0,0,0,0,0,0,0
0,0,0,0,0,0,0,0,0,0,0,0,0,0,0,0,0,0.44455,0,0,0,0,0,0,0,0.43508,0,0,0,0
0,0,0,0.1721,0,0,0,0.1721,0,0,0,0.095596,0,0,0.19582,0.20402,0,0.20005,0,0,0,0,0,0,0,0,0.13774,0,0,0
0,0,0,0,0,0,0,0,0,0,0,0.95596,0,0,0,0,0,0,0,0,0,0,0,0,0,0,0,0,0,0
0,0,0,0,0,0,0,0,0,0,0,0.23899,0,0,0,0,0,0.16671,0,0,0,0,0,0,0,0.65261,0,0,0,0
0,0,0,0,0.2972,0,0,0,0,0,0,0.31865,0,0,0,0,0,0,0,0,0,0,0,0,0,0,0.22957,0,0,0
0,0,0,0,0,0,0,0,0,0,0,0.19119,0,0,0,0,0,0.53346,0,0,0,0,0,0,0,0,0,0,0,0
0,0,0,0,0,0,0,0,0,0,0,0,0,0,0,0,0,0.33341,0,0,0,0,0,0,0,0,0.34436,0,0,0
0,0,0,0,0,0,0,0,0,0,0,0,0,0,0,0,0,0,0,0,0,0,0,0.95602,0,0,0,0,0,0.65673
0,0,0,0,0,0,0.31954,0,0,0,0,0,0,0,0,0,0,0,0,0,0,0,0,0,0,0,0.34436,0,0,0
1.5449,0,0,0,0,0,0,0,0,0,0,0,0,0,0,0,0,0,0,0,0,0,0,0,0,0,0,0,0,0
0,0,0,0,0,0,0,0,0,0,0,0.95596,0,0,0,0,0,0,0,0,0,0,0,0,0,0,0,0,0,0
0,0,0,0,0.17832,0,0.12782,0,0,0.29297,0,0,0,0,0.19582,0,0,0.066683,0,0.086486,0,0,0,0,0,0,0.068871,0,0,0
0.30898,0,0,0,0.08916,0,0.25563,0,0,0,0,0.095596,0,0,0,0,0,0.066683,0,0,0,0,0,0,0,0,0.068871,0,0,0
0,0,0,0,0,0,0.63908,0,0,0,0,0,0,0,0,0,0,0,0,0,0,0,0,0,0,0,0,0,0,0
0.51497,0,0,0,0.2972,0,0,0,0,0,0,0,0,0,0,0,0,0.22228,0,0,0,0,0,0,0,0,0,0,0,0
0,0,0,0,0,0,0,0,0,0,0,0,0,0,1.3055,0,0,0,0,0,0,0,0,0,0,0,0.22957,0,0,0
0.77245,0,0,0,0,0,0,0,0,0,0,0.23899,0,0,0,0,0,0.16671,0,0,0,0,0,0,0,0,0,0,0,0
0.77245,0,0,0,0,0,0,0,0,0,0,0.47798,0,0,0,0,0,0,0,0,0,0,0,0,0,0,0,0,0,0
0,0,0,0,0,0,0,0,0,0,0,0.95596,0,0,0,0,0,0,0,0,0,0,0,0,0,0,0,0,0,0
0,0,0,0,0.4458,0,0.31954,0,0,0,0,0,0,0,0,0,0,0,0,0,0,0,0,0,0,0,0,0,0,0
0,0,0,0,0.2972,0,0.21303,0,0,0,0,0,0,0,0,0,0,0,0,0,0,0,0,0,0,0,0.22957,0,0,0
0.38622,0,0,0,0,0,0,0,0,0,0,0,0,0,0,0,0,0.33341,0,0,0,0,0,0,0,0,0.17218,0,0,0
0,0,0,0,0,0,0.63908,0,0,0,0,0,0,0,0,0,0,0,0,0,0,0,0,0,0,0,0,0,0,0
0.30898,0,0,0,0.17832,0,0.12782,0,0,0,0,0.19119,0,0,0,0,0,0.066683,0,0,0,0,0,0,0,0,0.068871,0,0,0
0,0,0,0,0.2229,0,0,0,0,0,0,0,0,0,0,0,0,0.16671,0.92682,0,0,0,0,0,0,0,0,0,0,0
0,0,0,0,0,0,0,0,0,0,0,0.31865,0,0,0,0,0,0.44455,0,0,0,0,0,0,0,0,0,0,0,0
0,0,0,0,0,0,0.12782,0,0,0,0,0.57357,0,0,0,0,0,0,0,0,0,0,0,0,0,0,0.13774,0,0,0
0,0,0,0,0,0,0.12782,0,0,0,0,0.19119,0,0,0,0,0,0.13337,0,0.17297,0.36652,0,0,0,0,0,0,0,0,0
0,0,0,0,0,0,0.31954,0,0,0,0,0,0,0,0,0,0,0,0,0,0.91629,0,0,0,0,0,0,0,0,0
0,0,0,0,0.8916,0,0,0,0,0,0,0,0,0,0,0,0,0,0,0,0,0,0,0,0,0,0,0,0,0
0,0,0,0,0,0,0.63908,0,0,0,0,0,0,0,0,0,0,0,0,0,0,0,0,0,0,0,0,0,0,0
0,0,0,0,0,0,0.25563,0,0,0,0,0,0,0,0,0,0,0,0,0.17297,0,0,0,0,0,0,0.27549,0,0,0
0.19311,0,0,0,0,0,0,0.21512,0,0,0,0.23899,0,0,0,0,0,0.083354,0,0,0.22907,0,0,0,0,0,0,0,0,0.32836
0,0,0,0,0,0,0.15977,0,0,0,0,0,0,0,0,0,0,0.16671,0,0.43243,0,0,0,0,0,0,0,0,0,0
0,0,0,0,0,0,0,0,0,0.58594,0,0,0,0,0,0,0,0.13337,0,0,0,0,0,0,0,0,0.27549,0,0,0
0.25748,0,0,0,0,0,0.10651,0.57366,0,0,0,0,0,0,0,0,0,0,0,0,0.30543,0,0,0,0,0,0.11479,0,0,0
0,0,0,0,0,0,0.10651,0,0,0,0,0,0,0,0,0,0,0,0,0.28829,0,0,0,0,0,0,0.34436,0,0,0
0,0,0,0,0.5944,0,0,0,0,0,0,0,0,0,0,0,0,0,0,0.28829,0,0,0,0,0,0,0,0,0,0
0,0,0,0,0,0,0.31954,0,0,0,0,0,0,0,0,0,0,0,0,0,0,0,0,0,0,0.65261,0,0,0,0
0,0,0,0,0.1486,0,0.21303,0,0,0,0,0,0,0,0,0,0.30543,0,0,0.14414,0,0,0.27582,0,0,0,0,0,0,0
0,0,0,0,0,0,0,1.721,0,0,0,0,0,0,0,0,0,0,0,0,0,0,0,0,0,0,0,0,0,0
0,0,0,0,0,0,0.31954,0,0,0,0,0,0,0,0,0,0,0.33341,0,0,0,0,0,0,0,0,0,0,0,0
0.19311,0,0,0,0,0,0.23965,0,0,0,0,0,0,0,0,0,0,0.083354,0,0,0,0,0,0,0,0,0.25827,0,0,0
0,0,0,0,0.5944,0,0,0,0,0,0,0,0,0,0,0,0,0,0,0,0,0,0,0,0,0,0,0.49476,0,0
0.19311,0,0,0,0.11145,0.27846,0.23965,0,0,0,0,0.23899,0,0,0,0,0,0,0,0,0,0,0,0,0,0,0,0,0,0
0,0,0,0,0,0,0.21303,0,0,0,0,0.15933,0,0,0,0,0,0.22228,0,0.14414,0,0,0,0,0,0,0,0,0,0
0.77245,0,0,0,0,0,0,0,0,0,0,0,0,0,0,0,0,0,0,0.43243,0,0,0,0,0,0,0,0,0,0
0,0,0,0,0,0,0.091297,0,0,0,0,0,0,0,0,0,0,0.19052,0,0.12355,0,0,0,0,0,0,0.19678,0.21204,0,0
0,0,0,0,0.1486,0,0,0,0,0,0,0.31865,0,0.37652,0,0,0,0,0,0.14414,0,0,0,0,0,0,0.11479,0,0,0
0,0,0,0,0,0,0,0,0,0,0,0,0,0,0,0,0,0.66683,0,0,0,0,0,0,0,0,0,0,0,0
0,0,0,0,0,0,0,0,0,0,0,0,0,0,0,0,0,0.33341,0,0,0,0,0,0,0,0,0.34436,0,0,0
0,0,0,0,0.4458,0,0,0,0,0,0,0,0,0,0,0,0,0,0,0.21621,0,0,0,0,0,0,0,0,0,0.32836
0,0,0,0,0,0,0,0,0,0,0,0.95596,0,0,0,0,0,0,0,0,0,0,0,0,0,0,0,0,0,0
0,0,0,0,0,0,0.12782,0,0,0,0,0.38238,0,0,0,0,0,0.26673,0,0,0,0,0,0,0,0,0,0,0,0
0,0,0,0,0,0,0,0,0,0,0,0,0,0,0,0,0,0.66683,0,0,0,0,0,0,0,0,0,0,0,0
0,0,0,0,0,0,0.12782,0,0,0,0,0.19119,0,0,0,0,0,0.13337,0,0.17297,0,0,0,0,0,0.26105,0,0,0,0
0,0,0,0,0.4458,0,0,0,0,0.73243,0,0,0,0,0,0,0,0,0,0,0,0,0,0,0,0,0,0,0,0
0,0,0,0,0.2972,0,0,0,0,0,0,0,0,0,0,0,0,0.22228,0,0,0,0,0,0,0,0,0.22957,0,0,0
0,0,0,0,0.4458,0,0,0,0,0,0,0,0,0,0,0,0,0,0,0.43243,0,0,0,0,0,0,0,0,0,0
0.2207,0,0,0,0,0,0.091297,0.24586,0,0,0,0,0,0,0,0,0,0.095261,0,0,0,0,0,0,0,0.37292,0.098388,0,0,0
0,0,0,0,0,0.74256,0,0,0,0,0,0,0,0,0,0,0,0.22228,0,0,0,0,0,0,0,0,0.22957,0,0,0
0.61796,0,0,0,0,0,0.12782,0,0,0,0,0,0,0,0,0,0,0.13337,0,0,0,0,0,0,0,0,0.13774,0,0,0
0,0,0,0,0,0,0.31954,0,0,0,0,0.47798,0,0,0,0,0,0,0,0,0,0,0,0,0,0,0,0,0,0
0,0,0,0,0,0,0,0,0,0,0,0.38238,0,0,0,0,0,0.13337,0,0.34594,0,0,0,0,0,0,0,0,0,0
0,0,0,0,0.2972,0,0.21303,0,0,0,0,0,0,0,0,0,0,0.22228,0,0,0,0,0,0,0,0,0,0,0,0
0,0,0,0,0.17832,0,0,0,0,0,0,0.19119,0,0.45182,0,0,0,0.13337,0,0,0,0,0,0,0,0,0.13774,0,0,0
0,0,0,0,0.2229,0,0,0,0,0,0,0.23899,0,0,0,0,0,0,0,0.21621,0,0,0,0,0,0,0.17218,0,0,0
0,0,0,0,0,0,0,0,0,0,0,0,0,0,0,0,0,0.19052,0,0.37065,0,0,0.23641,0,0,0,0.098388,0,0,0
0,0,0,0,0,0,0,0,0,0.29297,0,0,0,0,0.78328,0,0,0,0,0,0,0,0,0,0,0,0.27549,0,0,0
0,0,0,0,0.1486,0,0,0,0,0,0,0.15933,0,0,0,0,0,0.33341,0,0.14414,0,0,0,0,0,0,0,0,0,0
0,0,0,0,0.17832,0,0,0,0,0,0,0,0,0,0,0,0,0.26673,0,0.34594,0,0,0,0,0,0,0,0,0,0
0.12874,0,0,0.14342,0.0743,0,0.053257,0,0.18564,0,0,0.15933,0,0,0,0,0,0.11114,0,0.14414,0,0,0,0,0,0.10877,0,0,0,0
0,0,0,0,0,0,0,0,0,1.4649,0,0,0,0,0,0,0,0,0,0,0,0,0,0,0,0,0,0,0,0
1.5449,0,0,0,0,0,0,0,0,0,0,0,0,0,0,0,0,0,0,0,0,0,0,0,0,0,0,0,0,0
0.38622,0,0,0,0,0,0.15977,0,0,0,0,0.23899,0,0,0,0,0,0.16671,0,0,0,0,0,0,0,0,0,0,0,0
0,0,0,0,0,0,0,0,0,0.29297,0,0.19119,0,0,0,0,0,0.13337,0,0.17297,0,0,0,0,0,0,0.13774,0,0,0
0,0,0,0,0.35664,0,0.25563,0,0,0.29297,0,0,0,0,0,0,0,0,0,0,0,0,0,0,0,0,0,0,0,0
0,0,0,0,0,0,0,0,0,0,0,0,0,0,0,0,0,0,0,0.43243,0,0,0,0,0,0,0.34436,0,0,0
0,0,0,0,0.1486,0,0.21303,0,0,0,0,0,0,0,0,0,0,0,0,0,0,0,0,0.31867,0,0,0.22957,0,0,0
0,0,0,0,0,0,0,0,0,0,0,0.31865,0,0,0,0,0,0,0,0.57657,0,0,0,0,0,0,0,0,0,0
0,0,0,0,0.8916,0,0,0,0,0,0,0,0,0,0,0,0,0,0,0,0,0,0,0,0,0,0,0,0,0
0.30898,0,0,0,0.17832,0,0,0,0,0,0,0.19119,0,0,0,0,0,0,0,0.17297,0,0,0,0,0,0,0.13774,0,0,0
0,0,0,0,0.5944,0,0,0,0,0,0,0,0,0,0,0,0,0.22228,0,0,0,0,0,0,0,0,0,0,0,0
0,0,0,0,0.099066,0,0.071009,0.19122,0,0.16276,0,0,0,0,0,0,0,0.14818,0,0.28829,0,0,0,0,0,0,0,0,0,0
0,0,0,0,0,0,0,0,0,0,0,0,0,0,0,0,0,0.33341,0,0,0,0,0,0,0,0,0.34436,0,0,0
0,0,0,0,0,0,0.38345,0,0,0,0,0,0,0,0,0,0,0.26673,0,0,0,0,0,0,0,0,0,0,0,0
0,0,0,0,0.2972,0,0.42605,0,0,0,0,0,0,0,0,0,0,0,0,0,0,0,0,0,0,0,0,0,0,0
0,0,0,0,0.2972,0,0,0,0,0,0,0.15933,0,0,0,0,0,0,0,0.28829,0,0,0,0,0,0,0.11479,0,0,0
0,0,0,0.8605,0,0,0.15977,0,0,0,0,0,0,0,0,0,0,0,0,0,0,0,0,0,0,0,0.17218,0,0,0
0,0,0,0,0,0,0,0,0,0,0,0,0,0,0,0,0,0,0,0,0,0,0,0,0,0,0,1.4843,0,0
0,0,0,0,0,0,0.31954,0,0,0,0,0,0,0,0,0,0,0,0,0,0,0,0,0,0.90939,0,0,0,0,0
0,0,0,0,0,0,0.12782,0,0,0.29297,0,0.19119,0,0,0,0,0,0,0,0,0,0,0.66196,0,0,0,0,0,0,0
0,0,0,0.24586,0,0,0.18259,0,0,0,0,0,0,0,0,0,0,0,0,0,0.2618,0,0,0,0.25983,0,0.19678,0,0,0
0,0,0,0,0,0,0,0,0,0,0,0,0,0,0,0,0,0.22228,0,0,0,0,0,0,0,0,0.45914,0,0,0
0,0,0,0,0,0,0.25563,0,0,0,0,0.19119,0,0,0,0,0,0.13337,0,0.17297,0,0,0,0,0,0,0,0,0,0
0,0,0,0.28683,0,0,0,0.28683,0,0,0,0,0,0,0,0,0,0.22228,0,0.14414,0,0,0,0,0,0,0.11479,0,0,0
0,0,0,0,0.2972,0,0.21303,0,0,0,0,0.31865,0,0,0,0,0,0,0,0,0,0,0,0,0,0,0,0,0,0
0,0,0,0,0.17832,0,0.12782,0,0,0,0,0.57357,0,0,0,0,0,0,0,0,0,0,0,0,0,0,0,0,0,0
0,0,0,0,0,0,0,0,0,0,0,0,0,0,0,0,0,0,0,0.86486,0,0,0,0,0,0,0,0,0,0
NaN,NaN,NaN,NaN,NaN,NaN,NaN,NaN,NaN,NaN,NaN,NaN,NaN,NaN,NaN,NaN,NaN,NaN,NaN,NaN,NaN,NaN,NaN,NaN,NaN,NaN,NaN,NaN,NaN,NaN
0,0,0,0,0.1486,0.37128,0,0,0,0,0,0,0,0,0,0,0,0,0,0.14414,0,0,0,0,0,0,0.11479,0,0,0.43782
0,0,0,0,0,0,0.12782,0,0,0,0,0,0,0,0.39164,0,0,0.13337,0,0,0,0,0,0,0,0,0.13774,0.29685,0,0
0,0,0,0,0.1486,0,0.21303,0,0,0,0,0,0,0,0,0,0,0,0,0.28829,0,0,0,0,0,0,0.11479,0,0,0
0,0,0,1.3768,0,0,0,0,0,0,0,0,0,0,0,0,0,0,0,0.17297,0,0,0,0,0,0,0,0,0,0
0,0,0,0,0,0,0.15977,0,0,0,0,0.47798,0,0,0,0,0,0,0,0,0,0,0,0,0,0,0.17218,0,0,0
0,0,0,0,0.5944,0,0.21303,0,0,0,0,0,0,0,0,0,0,0,0,0,0,0,0,0,0,0,0,0,0,0
0.19311,0,0,0.21512,0.11145,0,0,0,0,0,0,0.23899,0,0,0,0,0,0.083354,0,0,0,0,0,0,0,0,0.086089,0.18553,0,0
0,0,0,0,0.25474,0,0,0,0,0,0,0,0,0,0,0,0.52359,0.095261,0,0,0,0,0,0,0,0,0.19678,0,0,0
0,0,0,0,0,0,0,0.57366,0,0.48829,0,0.31865,0,0,0,0,0,0,0,0,0,0,0,0,0,0,0,0,0,0
0,0,0,0.15645,0.081054,0,0.1162,0,0,0.13317,0,0.26072,0,0,0,0,0,0.18186,0,0,0,0,0,0,0,0,0,0,0,0
0,0,0,0,0,0,0,0,0,0,0,0,0,0,0,0,0.61086,0,0,0,0,0,0,0,0,0,0,0.98952,0,0
0,0,0,0,0.2972,0,0.21303,0,0,0.24414,0,0,0,0,0,0,0,0,0,0.14414,0,0,0,0,0,0,0,0,0,0
0,0,0,0,0.5944,0,0.21303,0,0,0,0,0,0,0,0,0,0,0,0,0,0,0,0,0,0,0,0,0,0,0
0,0,0,0,0.2972,0,0,0,0,0,0,0,0,0,0,0,0,0.22228,0,0,0,0,0,0,0,0,0.22957,0,0,0
0,0,0,0,0.17832,0,0,0,0,0,0,0,0,0,0,0,0,0.13337,0,0,0,0,0,0,0,0,0.41323,0,0,0
0,0,0,0,0,0,0,0,0,0,0,0,0,0,0,0,0,0.22228,0,0,0,0,0,0,0,0.43508,0.22957,0,0,0
0,0,0,0,0,0,0,0,0,0,0,0,0,0,0,0,0,0.66683,0,0,0,0,0,0,0,0,0,0,0,0
0,0,0,0,0.11145,0,0.079885,0,0,0.54932,0,0.11949,0,0,0,0,0,0.083354,0,0,0,0,0,0,0.22735,0,0,0,0,0
0,0,0,0,0,0,0.31954,0,0,0,0,0,0,0,0,0,0,0,0,0,0,0,0,0,0,0,0.34436,0,0,0
0,0,0,0.13238,0,0,0.04916,0,0.17136,0.11268,0,0,0,0,0,0,0,0.051295,0,0,0,0,0,0,0,0.2008,0.31787,0,0,0
0,0,0,0,0,0,0,0,0,1.4649,0,0,0,0,0,0,0,0,0,0,0,0,0,0,0,0,0,0,0,0
0,0,0,0.6884,0,0,0,0,0,0.29297,0,0,0,0,0,0,0,0,0,0.17297,0,0,0,0,0,0,0.13774,0,0,0
0,0,0,0,0,0,0.31954,0,0,0,0,0,0,0,0,0,0,0,0,0,0,0,0,0,0,0,0.34436,0,0,0
0,0,0,0,0,0,0,0,0,0.20927,0,0,0,0,0,0,0.2618,0.19052,0,0,0.52359,0,0,0,0,0,0.098388,0,0,0
0,0,0,0,0,0,0,0,0,0,0,0,0,0,0,0,0,0.66683,0,0,0,0,0,0,0,0,0,0,0,0
0,0,0,0,0,0,0.15977,0,0,0,0,0,0,0,0,0,0,0,0.46341,0.21621,0,0,0,0,0,0,0.17218,0,0,0
0,0,0,0,0,0,0,0.8605,0,0,0,0,0,0,0,0,0,0,0,0.21621,0,0,0,0,0,0,0.17218,0,0,0
0,0,0,0,0,0,0,0,0,0,0,0.95596,0,0,0,0,0,0,0,0,0,0,0,0,0,0,0,0,0,0
0,0,0,0,0,0,0.63908,0,0,0,0,0,0,0,0,0,0,0,0,0,0,0,0,0,0,0,0,0,0,0
0,0,0,0,0.2229,0,0,0,0,0,0,0,0,0,0,0,0,0.16671,0,0,0,0,0,0,0,0.65261,0,0,0,0
0.30898,0,0,0,0.17832,0,0.12782,0,0,0,0,0,0,0,0,0,0,0.13337,0,0,0,0,0,0,0,0,0.13774,0,0,0
0.25748,0,0,0,0,0,0,0,0,0.12207,0,0,0,0,0,0,0.45815,0.11114,0,0.21621,0,0,0,0,0,0,0,0.12369,0,0
0.38622,0,0,0,0,0,0,0,0,0,0,0,0,0,0,0,0,0.16671,0,0.43243,0,0,0,0,0,0,0,0,0,0
NaN,NaN,NaN,NaN,NaN,NaN,NaN,NaN,NaN,NaN,NaN,NaN,NaN,NaN,NaN,NaN,NaN,NaN,NaN,NaN,NaN,NaN,NaN,NaN,NaN,NaN,NaN,NaN,NaN,NaN
0,0,0,0,0,0,0,0,0,0,0,0,0,0,0,0,0,0,0,0,0,0,0,0,0,0,0.68871,0,0,0
0,0,0,0,0,0,0,0,0,0,0,0.47798,0,0,0,0,0,0.33341,0,0,0,0,0,0,0,0,0,0,0,0
0.51497,0,0,0,0,0,0.21303,0,0,0,0,0,0,0,0,0,0,0.22228,0,0,0,0,0,0,0,0,0,0,0,0
0,0,0,0.3442,0,0,0,0.3442,0,0,0,0.19119,0,0,0,0,0,0,0,0,0,0,0,0,0,0,0.27549,0,0,0
0,0,0,0,0,0,0.31954,0,0,0,0,0,0,0,0,0,0,0,0,0,0,0,0,0,0,0,0,0,0,0.65673
0,0,0,0,0.4458,0,0,0,0,0,0,0.47798,0,0,0,0,0,0,0,0,0,0,0,0,0,0,0,0,0,0
0,0,0,0,0.17832,0,0,0,0,0,0,0.38238,0,0,0,0,0,0,0,0.17297,0,0,0,0,0,0,0.13774,0,0,0
0,0,0,0.28683,0.1486,0,0,0,0,0,0,0,0,0,0.32637,0,0,0.11114,0,0,0,0,0.55163,0,0,0,0,0,0,0
0.15449,0,0,0,0,0,0.063908,0,0,0.43946,0,0,0,0,0,0,0,0.13337,0,0.17297,0,0,0,0,0,0,0.068871,0,0,0
0.10299,0,0,0,0,0,0.042605,0,0,0.097657,0,0.25492,0,0,0,0,0,0.31119,0,0,0,0,0,0,0,0,0.045914,0,0,0
0.2207,0,0,0,0.12737,0,0,0.49171,0,0,0,0.13657,0,0,0,0,0,0,0,0.2471,0,0,0,0,0,0,0,0,0,0
0.38622,0,0,0,0,0,0,0,0,0,0,0,0,0,0,0,0,0.16671,0,0,0,0,0,0,0,0,0.17218,0.37107,0,0
0,0,0,0,0,0,0.63908,0,0,0,0,0,0,0,0,0,0,0,0,0,0,0,0,0,0,0,0,0,0,0
0,0,0,0,0,0,0,0,0,0,0,0,0,0,0,0,0,0.22228,0,0.28829,0,0,0,0,0,0,0,0,0,0.43782
0,0,0,0,0,0,0.21303,0,0,0,0,0,0,0,0,0,0,0.44455,0,0,0,0,0,0,0,0,0,0,0,0
0.51497,0,0,0,0,0,0,0,0,0,0,0,0,0,0,0,0,0.22228,0,0,0,0,0,0,0,0.43508,0,0,0,0
0,0,0,0,0.2229,0,0,0,0,0,0,0.47798,0,0,0,0,0,0,0,0,0,0,0,0,0,0,0,0,0,0.32836
0,0,0,0,0,0,0.31954,0,0,0,0,0.47798,0,0,0,0,0,0,0,0,0,0,0,0,0,0,0,0,0,0
0,0,0,0,0,0,0.21303,0,0,0,0,0,0,0,0,0,0,0.22228,0,0,0,0,0,0,0,0,0,0,0,0.43782
0,0,0,0,0.2229,0,0,0,0,0,0,0,0,0,0,0,0,0.33341,0,0,0,0,0,0,0,0,0,0,0,0.32836
0,0,0,0,0.35664,0,0.12782,0,0,0,0,0.19119,0,0,0,0,0,0,0,0,0.36652,0,0,0,0,0,0,0,0,0
0.14045,0,0,0,0,0,0.058098,0.15645,0,0.26634,0,0.26072,0,0,0,0,0,0.060621,0,0.078624,0,0,0,0,0,0,0,0,0,0.11941
0,0,0,0,0,0,0,0,0,0,0,0,0,0,0,0,0,0.33341,0,0,0,0,0,0,0,0,0.34436,0,0,0
0,0,0,0,0,0,0,0,0,0.29297,0,0.19119,0,0,0,0,0,0.13337,0,0.34594,0,0,0,0,0,0,0,0,0,0
0,0,0,0,0.17832,0,0.12782,0,0,0,0,0.19119,0,0,0,0,0,0,0,0.34594,0,0,0,0,0,0,0,0,0,0
0,0,0,0,0,0,0.31954,0,0,0,0,0,0,0,0,0,0,0,0,0.43243,0,0,0,0,0,0,0,0,0,0
0,0,0,0,0,0,0.21303,0,0,0,0,0,0,0,0,0,0,0,0,0,0,0,0,0,0,0,0.45914,0,0,0
NaN,NaN,NaN,NaN,NaN,NaN,NaN,NaN,NaN,NaN,NaN,NaN,NaN,NaN,NaN,NaN,NaN,NaN,NaN,NaN,NaN,NaN,NaN,NaN,NaN,NaN,NaN,NaN,NaN,NaN
0,0,0,0,0,0,0,0,0,0,0,0,0,2.2591,0,0,0,0,0,0,0,0,0,0,0,0,0,0,0,0
0,0,0,0,0.8916,0,0,0,0,0,0,0,0,0,0,0,0,0,0,0,0,0,0,0,0,0,0,0,0,0
0,0,0,0,0,0,0,0,0,0,0,0,0,0,0,0,0,0.33341,0,0,0,0,0,0,0,0,0.34436,0,0,0
0,0,0,0,0.2229,0,0,0,0,0,0,0.23899,0,0,0,0,0,0,0,0,0,0,0,0,0,0,0.34436,0,0,0
0,0,0,0,0,0,0,0,0,0,0,0,0,0,0,0,0,0,0,0.57657,0,0,0,0,0,0,0.22957,0,0,0
0,0,0,0,0,0,0.053257,0,0,0.24414,0,0,0,0,0,0,0,0.38898,0,0,0,0,0,0,0,0,0.11479,0,0,0
0.51497,0,0,0,0,0,0,0,0,0,0,0,0,0,0,0,0,0,0,0,0,0,0,0,0.60626,0,0,0.49476,0,0
1.1587,0,0,0,0,0,0,0,0,0,0,0,0,0,0,0,0,0,0,0,0,0,0,0,0,0,0.17218,0,0,0
0,0,0,0,0,0,0,0,0,0,0,0.31865,0,0,0,0,0,0.22228,0,0,0,0,0,0,0,0,0.22957,0,0,0
0,0,0,0,0.2972,0,0,1.1473,0,0,0,0,0,0,0,0,0,0,0,0,0,0,0,0,0,0,0,0,0,0
0,0,0,0,0,0,0,0,0,0,0,0,0,0,0,0,0,0.33341,0,0,0,0,0,0,0,0,0.34436,0,0,0
0,0,0,0,0,0,0,0,0,0,0,0,0,0,0,0,0,0.22228,0,0,0,0,0,0.63735,0,0,0.22957,0,0,0
NaN,NaN,NaN,NaN,NaN,NaN,NaN,NaN,NaN,NaN,NaN,NaN,NaN,NaN,NaN,NaN,NaN,NaN,NaN,NaN,NaN,NaN,NaN,NaN,NaN,NaN,NaN,NaN,NaN,NaN
0,0,0,0,0,0,0.21303,0,0,0,0,0.31865,0,0,0,0,0,0,0,0.28829,0,0,0,0,0,0,0,0,0,0
0,0,0,0,0.4458,0,0,0,0,0,0,0,0,0,0,0,0,0,0,0,0,0,0.82745,0,0,0,0,0,0,0
0,0,0,0,0,0,0,0,0,0,0,0.23899,0,0,0,0,0,0.16671,0.46341,0,0,0,0,0,0,0,0,0.37107,0,0
0,0,0,0,0,0,0,0,0,0,0,0,0,0,0,0,0,0.66683,0,0,0,0,0,0,0,0,0,0,0,0
0.11884,0,0,0,0.068584,0,0.04916,0,0,0,0,0.14707,0,0,0.30126,0,0,0.051295,0.14259,0.066528,0.14097,0,0,0,0,0,0.10596,0,0,0
0,0,0,0,0,0,0,0,0,0,0,0,0,0,0,0,0,0.66683,0,0,0,0,0,0,0,0,0,0,0,0
0,0,0,0,0,0,0,0,0,0,0,0,0,0,0,0,0,0,0,0.86486,0,0,0,0,0,0,0,0,0,0
0,0,0,0,0,0,0,0,0,0,0,0,0,0,0,0,0,0,0,0,0,0,0,1.2747,0,0,0.22957,0,0,0
0,0,0,0.28683,0.1486,0,0.10651,0,0,0,0,0,0,0,0,0,0,0.22228,0,0,0,0,0,0,0,0,0,0,0,0.21891
0,0,0,0,0,0,0,0,0,0,0,0,0,0,0,0,0,0.66683,0,0,0,0,0,0,0,0,0,0,0,0
0,0,0,0,0.17832,0,0.25563,0,0,0,0,0,0,0,0,0,0,0,0,0,0.36652,0,0,0,0,0,0,0,0,0.26269
0.38622,0,0,0,0,0,0.31954,0,0,0,0,0,0,0,0,0,0,0.16671,0,0,0,0,0,0,0,0,0,0,0,0
0.38622,0,0,0,0,0,0,0,0,0,0,0,0,0,0,0,0,0,0,0,0,0,0.82745,0,0.4547,0,0,0,0,0
0,0,0,0,0,0,0,0,0,0,0,0,0,0,0,0,0,0,0,0,0,0,0,0,0,0,0.68871,0,0,0
0.25748,0,0,0,0.1486,0,0,0,0,0,0,0,0,0,0,0,0,0.22228,0,0,0,0,0.55163,0,0,0,0,0,0,0
0,0,0,0,0,0,0,0,0,0,0,0.95596,0,0,0,0,0,0,0,0,0,0,0,0,0,0,0,0,0,0
0,0,0,0,0.2972,0,0,0,0,0,0,0,0,0,0,0,0,0,0,0,0,0,0.55163,0,0,0.43508,0,0,0,0
0,0,0,0,0,0,0.21303,0,0,0.24414,0,0,0,0,0,0,0,0.33341,0,0,0,0,0,0,0,0,0,0,0,0
0,0,0,0,0.4458,0,0,0,0,0,0,0,0,0,0,0,0,0,0,0,0,0,0,0,0,0,0.34436,0,0,0
0,0,0,0,0,0,0,0,0,0,0,0,0,0,0,0,0,0,0,0.57657,0,0,0,0,0,0,0.22957,0,0,0
0,0,0,0,0.2972,0,0.10651,0,0.37128,0,0,0,0,0,0,0,0,0,0,0.14414,0,0,0,0,0,0,0,0,0,0.21891
0,0,0,0,0.1486,0,0.10651,0,0,0,0,0.15933,0,0,0,0,0,0.11114,0,0,0,0,0,0,0,0,0.22957,0,0,0
0,0,0.49153,0,0,0,0.15977,0,0,0,0,0,0,0,0,0,0,0.16671,0,0.21621,0,0,0,0,0,0,0,0,0,0
0,0,0,0,0.2229,0,0,0,0,0,0,0,0,0,0.48955,0,0,0.083354,0,0.10811,0,0,0,0,0,0.32631,0,0,0,0
0,0,0,0,0,0,0,0,0,0,0,0,0,0,0,0,0,0.26673,0,0.34594,0,0,0,0,0,0.26105,0,0,0,0
0,0,0,0,0,0,0,0,0,0,0,0,0,0,0,0,0,0,0,0,0,0,1.6549,0,0,0,0,0,0,0
0,0,0,0.19122,0.099066,0,0.071009,0,0,0,0,0,0,0,0.21758,0,0,0.22228,0,0,0,0,0,0,0,0.14503,0.076524,0,0,0
0,0,0,0,0.16211,0,0.058098,0,0.20252,0,0,0,0,0,0.35604,0,0,0.060621,0.33702,0,0,0,0,0,0,0.23731,0,0,0,0
0.12874,0,0,0,0.0743,0,0,0,0,0,0,0.079663,0,0,0.21758,0.22669,0,0.092615,0.10298,0.024024,0,0,0.18388,0,0,0.14503,0.038262,0.04123,0,0
0,0,0,0,0.12737,0,0,0,0,0,0,0.13657,0,0,0.27974,0,0,0,0.2648,0,0,0,0.47283,0,0,0.09323,0.049194,0,0,0
0,0,0,0,0.20575,0,0,0,0,0,0,0,0,0,0.075316,0.47082,0,0.051295,0.28517,0,0,0,0.3819,0,0,0,0,0,0,0.050518
0,0,0,0,0.093852,0,0.033636,0,0,0,0,0,0,0,0.20613,0.10738,0,0,0.4878,0,0,0,0.2613,0,0,0.20609,0.072496,0,0,0
0,0,0,0,0.1486,0,0,0,0.18564,0,0,0,0,0,0.040796,0.46755,0,0,0.34756,0.018018,0,0,0.068954,0.15934,0.075783,0.081577,0.028696,0.030922,0,0
0,0,0,0,0.051241,0,0.0073457,0,0.15363,0,0,0,0,0,0.20257,0.39866,0,0,0.38351,0,0,0,0.11413,0.35164,0,0.06001,0.023749,0.034121,0,0
0.016262,0,0,0.036231,0.13139,0,0,0,0.21104,0,0,0,0,0,0.26797,0.32214,0,0.0070193,0.3317,0.0091038,0,0,0.0871,0.16101,0,0.082435,0.014499,0.015624,0,0
0,0,0,0.042319,0.051157,0,0.0052384,0,0.32867,0,0,0,0,0,0.25681,0.25085,0.015021,0.0054658,0.42542,0,0.015021,0,0.094953,0.18807,0.07454,0.042794,0.016936,0,0,0
0,0,0,0.016956,0.013176,0,0.0031482,0,0.42798,0,0,0,0,0,0.29904,0.17086,0.03611,0.022994,0.2922,0,0.0090275,0,0.07337,0.40501,0.035838,0.038578,0.0033927,0.014623,0,0.0064702
0,0,0,0.017124,0.026615,0,0.0095385,0,0.29924,0,0,0.004756,0,0,0.23382,0.29436,0.036469,0.0066351,0.33199,0.0086056,0,0,0.082333,0.45661,0.0090487,0.025975,0.0068529,0,0,0
0,0,0,0.064699,0.010056,0,0,0,0.39361,0,0,0,0,0,0.2503,0.29913,0.041336,0.0050138,0.36933,0.0032513,0.0068894,0,0.068436,0.23721,0.0547,0.058882,0.012946,0.00558,0,0
0.0059192,0,0,0.046157,0.010248,0,0.0024486,0,0.21338,0.011225,0,0,0,0,0.30761,0.35958,0.063192,0,0.3551,0,0.0070214,0,0.057066,0.34431,0.076654,0.025004,0.0026387,0.011374,0,0
0.0047535,0,0,0.021181,0.0082301,0,0.0058992,0,0.28789,0,0,0,0,0,0.21088,0.35155,0.10714,0.0020518,0.27947,0.0026611,0.016916,0,0.086564,0.33534,0.095137,0.044177,0.0084765,0.009134,0,0
0.0053272,0,0,0.029672,0.012298,0,0.0022037,0,0.39177,0,0,0,0,0,0.19582,0.35176,0.094789,0.0022994,0.26846,0.0029823,0,0,0.051359,0.36922,0.068989,0.031505,0.0094995,0.015355,0,0
0,0,0.0073362,0.051373,0.016634,0,0.0023846,0.0064216,0.29093,0.010932,0,0,0,0,0.28496,0.28167,0.13676,0,0.38733,0.0032271,0.006838,0,0.0494,0.29251,0.054292,0.0097405,0.0025698,0.0055383,0,0
0,0,0,0.10016,0.01887,0,0.013526,0,0.34181,0.0077506,0,0,0,0,0.19686,0.19431,0.12605,0.0035282,0.18634,0.0091519,0,0,0.035024,0.40467,0.1251,0.041436,0.003644,0.031413,0,0
0,0,0,0.041805,0.0036097,0,0.015524,0,0.36076,0.0059306,0,0,0,0,0.30126,0.18998,0.21516,0.0053994,0.25516,0.0035015,0.0074194,0,0.0268,0.29416,0.095726,0.03699,0,0.018028,0,0
0,0,0,0.091014,0.0085731,0,0.0092175,0.008274,0.40698,0,0,0.0091919,0,0,0.1977,0.11771,0.14978,0.0032059,0.16932,0.004158,0,0,0.047738,0.45043,0.13991,0.031376,0.0066222,0.014272,0,0
0,0,0,0.051182,0.013258,0,0.0023758,0.0063977,0.44719,0.021782,0,0.0035537,0,0,0.24023,0.18203,0.088563,0,0.18605,0.0032151,0.054501,0,0.03076,0.38383,0.10142,0.019409,0.015362,0.033107,0,0
0,0,0,0.10161,0.01316,0,0.0094329,0.012701,0.44389,0.0054054,0,0.0035275,0,0,0.13007,0.1054,0.1623,0.0024606,0.08892,0.0095741,0.020287,0.0098718,0.024427,0.43744,0.18792,0.024082,0.012707,0.038339,0,0.0048467
0,0,0,0.047429,0.0035102,0,0.010064,0,0.40344,0,0,0,0,0,0.18503,0.17671,0.16594,0,0.18244,0.0068099,0.072149,0,0.032577,0.39897,0.17185,0.010277,0.0054229,0.023374,0,0
0.0081741,0,0,0.11838,0.014152,0,0.0033814,0.027317,0.25931,0.015501,0,0,0,0,0.13469,0.16192,0.16484,0.0035282,0.17654,0.0091519,0.067873,0,0.035024,0.35408,0.22133,0.027624,0.007288,0.02356,0,0
0,0,0,0.15185,0.0052447,0,0.0075186,0,0.44554,0,0,0,0,0,0.17278,0.036004,0.1078,0.0078451,0.17446,0.02035,0.14014,0,0.0097347,0.29243,0.21398,0.0076778,0.012154,0.034924,0,0
0,0,0,0.13954,0.016065,0,0,0.031009,0.38132,0.013197,0,0,0,0,0.052925,0.091902,0.049529,0.012015,0.21709,0,0.29718,0,0.029818,0.24116,0.14747,0.047035,0.0062046,0.053487,0,0
0.011277,0,0,0.13818,0.013016,0,0.027989,0,0.14634,0.04277,0,0.020933,0,0,0.085761,0.11914,0.093636,0.0048674,0.12177,0,0.25415,0.039055,0,0.25122,0.18586,0.047636,0.020108,0.086673,0,0
0,0,0,0.22757,0.0073686,0,0.0052817,0,0.18411,0.024213,0,0,0,0,0.064734,0.13489,0.12116,0.005511,0.10724,0,0.27262,0,0.013677,0.28444,0.2405,0.021574,0.011384,0.049067,0,0.02171
0,0.024576,0,0.098088,0.0046197,0,0.0066226,0,0.24239,0,0,0,0,0,0.15219,0.13742,0.066467,0,0.25932,0.0044811,0.30385,0,0.085746,0.26749,0.056543,0.067628,0.014274,0.030762,0,0
0,0,0,0.099288,0,0,0.0081933,0.066192,0.17136,0.02817,0,0,0,0,0.05021,0.026157,0.23495,0.0042746,0.202,0,0.37591,0,0.031825,0.14708,0.18654,0.092035,0.013244,0.028544,0,0
0,0,0,0.13238,0,0,0.0075631,0.020367,0.23727,0.034671,0,0,0,0,0.11587,0.096579,0.054218,0.0039457,0.17549,0.010235,0.33615,0,0.029377,0.23759,0.10762,0.10813,0.024451,0.017565,0,0.0077719
0.009363,0.014373,0,0.1043,0.0054036,0,0.0038732,0.02086,0.13501,0.04439,0,0,0,0,0.071208,0.07419,0.055533,0,0.30332,0.010483,0.38873,0,0.040119,0.197,0.066138,0.10284,0.029218,0.026987,0,0.023881
0,0.018822,0,0.12293,0,0,0.010144,0.027317,0.12376,0.046503,0,0.007587,0,0,0.062165,0.11335,0.11635,0,0.20596,0,0.47996,0,0,0.13657,0.086609,0.11395,0.005466,0.08246,0,0
0.030491,0,0,0.14719,0,0.014656,0.0084089,0,0.19053,0.038549,0,0.012578,0,0,0.077298,0.080535,0.10851,0,0.19512,0.01138,0.40992,0,0.032663,0.26416,0.059829,0.068696,0.009062,0.01953,0,0
0.021457,0,0,0.16732,0,0,0.0044381,0.035854,0.20111,0.020345,0,0.013277,0,0.015688,0.040796,0.070841,0.063631,0.0046308,0.11585,0.006006,0.40724,0,0.10343,0.14606,0.21472,0.063449,0.014348,0.020615,0,0.0091212
0,0,0,0.12213,0,0,0,0.022206,0.11498,0.085056,0.028612,0.0061675,0,0.058299,0,0.026325,0.16552,0,0.10763,0.011159,0.4611,0,0.074737,0.12336,0.17601,0.084208,0.0044433,0.086184,0,0
0,0,0,0.12562,0,0,0,0.037686,0.11382,0.021385,0,0,0,0,0.028587,0.059568,0.093636,0.0048674,0.14883,0.0063128,0.48155,0,0.048318,0.30704,0.092931,0.076218,0.010054,0.086673,0,0.019175
0,0,0,0.2019,0,0,0.0035703,0.028843,0.12445,0.065468,0,0.0053405,0,0.012621,0.076578,0.056989,0.20476,0.0074506,0.10356,0.0048316,0.32761,0,0.027736,0.19227,0.22354,0.043751,0,0.066336,0,0
0.025748,0,0,0.26771,0,0,0.0035504,0.057366,0.06188,0.024414,0,0.021243,0,0,0.065274,0.034004,0.11199,0,0.17507,0.0048048,0.28507,0,0.027582,0.1912,0.25261,0.043508,0.0038262,0.074214,0,0.014594
0,0,0,0.31168,0.0070205,0,0.0050321,0.081307,0.052622,0.034603,0,0.015054,0,0,0.015419,0.032129,0.17316,0,0.087573,0.0068099,0.33188,0,0,0.18067,0.25778,0.020555,0,0.08181,0,0.041369
0,0,0,0.27621,0.0055037,0,0,0.042494,0.068756,0.054254,0.013688,0,0,0.013945,0.084614,0.050376,0.181,0.016465,0.034327,0,0.21493,0,0.071508,0.16524,0.25822,0.072513,0,0.10995,0,0
0,0,0.013285,0.1628,0.018073,0,0.012954,0.034885,0.18062,0,0,0,0,0,0.19847,0.027571,0.13621,0.0090112,0.087672,0.0058436,0.16097,0,0.022364,0.28422,0.28265,0.017638,0,0.11032,0,0.0088747
0,0.020987,0.017399,0.18276,0.01578,0,0,0,0.19714,0.012963,0,0,0,0,0.34659,0.12639,0.016218,0.023605,0,0,0.097305,0,0,0.50762,0.12876,0,0.0060948,0.10508,0,0.011624
0,0.027901,0.023131,0.20247,0.010489,0,0,0,0.3145,0.034467,0,0,0,0,0.1843,0,0.064679,0.01569,0.043615,0.010175,0.1078,0,0,0.49488,0.14978,0,0.0081025,0.12223,0,0
0,0,0.064463,0.16928,0.014616,0,0,0,0.073039,0.024014,0.036351,0,0,0,0.22471,0,0,0.032795,0,0,0.15021,0,0.02713,0.72094,0.059632,0.021397,0,0.14599,0,0
0,0,0.027307,0.16732,0.012383,0,0.0088761,0,0.4641,0,0,0,0,0,0.19038,0.085009,0,0.018523,0,0.024024,0.15272,0,0.022985,0.29212,0.17683,0.036256,0.0095655,0.10307,0,0
0.096556,0,0.081921,0.10756,0.0743,0,0,0,0.13923,0,0,0,0,0,0.081592,0,0.11454,0.055569,0.038617,0,0.11454,0,0.034477,0.43818,0.037891,0.027192,0,0.18553,0,0
0.023768,0,0.060496,0.10591,0.041151,0,0,0,0,0.022536,0,0,0,0,0,0,0.22555,0.051295,0,0,0.25374,0,0.02546,0.088248,0.33578,0.080322,0.021191,0.18268,0,0.040414
0.028347,0,0.036075,0.2842,0.032719,0,0.011726,0.031578,0.10219,0.013439,0,0,0,0,0,0,0.35307,0.036706,0,0,0.10088,0,0,0.19296,0.15018,0.071847,0.012637,0.14979,0,0.01205
0,0,0.047954,0.083951,0.032619,0,0,0.020988,0.054334,0.035728,0,0,0,0,0,0,0.37993,0.048792,0,0,0.24583,0,0,0.13991,0.35489,0.015917,0.0083989,0.18101,0,0
0.023768,0,0.060496,0.15886,0.054868,0,0.009832,0,0.13709,0.045073,0,0.044121,0,0,0.030126,0.062776,0.084581,0.082071,0,0.026611,0.25374,0,0.05092,0.088248,0.055963,0.040161,0.010596,0.13701,0,0.020207
0,0,0.063423,0.19431,0.057522,0,0.010308,0.027758,0.17965,0.023627,0,0.015419,0,0,0,0.032907,0.14779,0.043021,0.089692,0.013949,0.17735,0,0.080076,0.12336,0.058671,0.063156,0,0.19152,0,0
0,0,0.064463,0.28213,0.029233,0,0.010477,0.028213,0.073039,0.048028,0,0,0,0,0.096305,0.033446,0.18025,0.043727,0,0,0.2103,0,0.02713,0.12538,0,0.042794,0.045161,0.19466,0,0.021532
0.03287,0,0.083664,0.10985,0.056911,0,0.013597,0.073234,0.094795,0,0,0.020339,0,0,0.041664,0.043409,0.11697,0.085127,0.039439,0.036802,0.23395,0,0,0,0.15479,0.083312,0,0.1579,0,0
0.023058,0,0.05869,0.051373,0.013307,0,0.047693,0.12843,0.066498,0.021864,0,0.014268,0,0,0.058454,0.030451,0.13676,0.039811,0.027666,0.038725,0.10941,0,0,0.11415,0.19002,0.058443,0.010279,0.24369,0,0.019604
0.049835,0,0,0.13879,0.043142,0,0.020615,0.027758,0.03593,0,0,0,0,0,0,0,0.23646,0.064532,0.059795,0.041848,0.29558,0,0,0.1542,0.058671,0.063156,0.011108,0.19152,0,0
0.042914,0,0.054614,0,0.049533,0,0,0.14342,0.12376,0,0,0,0,0,0,0.17002,0.20362,0.055569,0,0,0.10181,0,0.091939,0,0.050522,0.036256,0.11479,0.20615,0,0
0.02971,0,0.03781,0.066192,0.017146,0,0.01229,0.099288,0.04284,0,0,0.018384,0,0,0.037658,0.039235,0.24669,0.051295,0,0,0.21145,0,0.06365,0,0.27981,0.025101,0.039733,0.17126,0,0.050518
0.023058,0,0,0.1798,0.013307,0,0,0.12843,0.19949,0.065591,0,0.014268,0,0,0.029227,0.030451,0.054704,0.0099527,0,0,0.30087,0,0.0247,0.17123,0.16288,0,0.041117,0.19938,0,0.019604
0.024139,0,0,0.080671,0,0,0,0.080671,0.034808,0,0,0.029874,0,0,0.18358,0.063757,0.14317,0,0.057926,0,0.34361,0,0,0.17925,0.19893,0.020394,0.010761,0.2783,0,0
0.027103,0,0,0.15096,0.015642,0,0.011212,0.060386,0.19541,0,0,0,0,0,0,0.071587,0.16075,0,0,0.015173,0.28935,0,0.058067,0.13418,0.22336,0.022899,0.024165,0.18228,0,0.046086
0.024139,0,0.061441,0.13445,0.013931,0,0.0099856,0.053781,0,0.22888,0,0.014937,0,0.070597,0,0,0.14317,0.010419,0,0.027027,0.34361,0,0,0,0.11367,0.040788,0.021522,0.20873,0,0.041046
0.068157,0,0.11565,0.10123,0.013112,0,0,0.12654,0,0,0,0.042175,0,0.033222,0,0,0.1617,0.029419,0.054519,0.012719,0.3234,0,0,0.14059,0.13373,0.038389,0.030384,0.15279,0,0.019316
0.03287,0,0,0.18308,0,0,0,0,0,0,0,0,0,0,0,0,0.23395,0,0.039439,0.018401,0.31193,0,0,0.040682,0.27088,0,0.04396,0.25264,0,0.16768
0.046815,0,0,0.2086,0,0.033753,0,0.1043,0,0.022195,0,0,0,0,0,0,0.083299,0.010103,0.11234,0.013104,0.2499,0,0.050148,0.23176,0.13779,0,0.02087,0.29236,0,0.039802
0,0,0,0.098342,0,0.031824,0,0.049171,0.031824,0.10463,0,0.013657,0,0,0,0.029146,0.1309,0,0,0.012355,0.20944,0.038218,0.023641,0.27315,0.1559,0.074584,0.019678,0.31806,0,0.037527
0.030898,0,0,0.13768,0,0,0.025563,0.1721,0,0.029297,0,0,0,0,0,0,0.10995,0,0,0.017297,0.14661,0,0.066196,0.038241,0.21825,0.078314,0.013774,0.47497,0,0
0.019556,0,0,0.23963,0.011286,0.028199,0,0,0,0,0,0.012101,0,0.057192,0.049575,0.025826,0.34796,0,0.023464,0,0.092789,0,0,0.12102,0.2072,0.016522,0.069743,0.28182,0,0.016626
0,0,0,0.19122,0,0,0.0078899,0.14873,0.027502,0.16276,0,0,0,0,0,0,0.27149,0,0,0,0.045249,0,0,0.047211,0.2919,0,0.042513,0.36649,0,0
0,0,0,0.19317,0,0,0.013042,0.45659,0.045463,0.16442,0,0.0097547,0,0.023052,0,0.020819,0.187,0,0,0.01765,0.074799,0,0,0.019511,0.092795,0,0.028111,0.22718,0,0.026805
0,0,0,0.16588,0,0,0,0.16588,0,0.35298,0,0,0,0,0,0.024581,0.22079,0,0.022333,0.01042,0.022079,0,0,0.06911,0.19722,0,0.024893,0.32189,0,0
0,0,0,0.094301,0,0,0.0087545,0.21218,0,0.1806,0,0.013095,0,0.030947,0,0,0.27614,0.018269,0.025392,0.011847,0,0,0,0.052385,0.27406,0,0.028303,0.34565,0,0
0,0,0,0.047805,0,0,0.0088761,0.33464,0,0.38656,0,0,0,0,0,0,0.17817,0,0.025745,0.036036,0,0,0,0.10622,0.17683,0,0.0095655,0.22676,0,0.036485
0.075979,0,0,0.11285,0,0,0.020953,0.11285,0,0.14408,0,0,0,0,0,0,0.30042,0.010932,0,0,0.030042,0,0,0.031345,0.35779,0,0.01129,0.36499,0,0.021532
0.078554,0,0,0.087508,0,0.075515,0.043327,0.17502,0,0.12414,0,0.032405,0,0,0,0,0.093182,0.011302,0,0.029317,0,0,0,0.097223,0.30827,0.022122,0.023346,0.30189,0,0
0,0,0,0.15645,0,0,0,0.1043,0,0.13317,0,0.028968,0,0,0,0,0.11107,0,0,0.026208,0,0,0,0.40559,0.22046,0,0.02087,0.35982,0,0.039802
0,0,0,0.095611,0,0,0.017752,0.19122,0,0.081381,0,0.026554,0.074313,0,0,0,0.10181,0.037046,0,0.024024,0,0,0,0.31867,0.15157,0,0.038262,0.37107,0,0
0,0,0,0,0,0,0,0.38244,0,0.32552,0,0,0,0,0,0,0.20362,0,0,0,0,0,0,0,0.20209,0,0,0.49476,0,0
0,0,0,0.22947,0,0,0.042605,0.22947,0,0.19531,0,0,0,0,0,0,0.24434,0,0,0.11531,0,0,0,0.12747,0.12125,0,0.045914,0.098952,0,0
0,0,0,0.15645,0,0,0.058098,0.15645,0,0.13317,0,0.086905,0,0,0,0,0,0.12124,0,0.078624,0.1666,0,0,0,0.16534,0,0,0.13493,0,0
0,0,0,0.3442,0,0,0.12782,0,0,0.29297,0,0,0,0,0,0,0,0,0,0.17297,0,0,0,0.38241,0,0,0,0,0,0
0,0,0,0,0,0,0.10651,0,0,0,0,0.15933,0,0,0,0,0.30543,0,0,0.14414,0,0,0,0,0.30313,0,0.11479,0,0,0
0,0,0,0.6884,0,0,0,0,0,0,0,0,0,0,0,0,0,0,0,0.17297,0,0,0,0,0,0,0.13774,0.29685,0,0
0,0,0,0,0,0,0.15977,0,0,0,0,0,0,0,0,0,0,0.16671,0,0,0,0,0,0,0,0,0.17218,0,0,0.32836
0,0,0,0,0.08916,0,0,0.1721,0,0,0,0.19119,0,0,0,0,0,0.13337,0,0.086486,0,0.26753,0,0,0,0,0.068871,0.14843,0,0
0,0,0,0,0,0.63648,0.18259,0,0,0,0,0,0,0,0,0,0,0,0,0.12355,0,0,0.23641,0,0,0,0.098388,0,0,0
0.33105,0,0,0,0,0,0.18259,0.12293,0,0,0,0.068283,0,0,0,0,0,0,0,0.18533,0,0,0,0.13657,0,0,0,0,0,0.093818
0,0,0,0,0,0,0,0,0,1.4649,0,0,0,0,0,0,0,0,0,0,0,0,0,0,0,0,0,0,0,0
0,0,0,0,0,0,0,0,0,0,0,0.19119,0,0,0,0,0,0.26673,0,0,0,0,0,0,0,0.26105,0.13774,0,0,0
0,0,0.65537,0,0,0,0.21303,0,0,0,0,0.31865,0,0,0,0,0,0,0,0,0,0,0,0,0,0,0,0,0,0
0,0,0,0,0,0,0.21303,0,0,0,0,0,0,0,0,0,0,0,0,0.28829,0,0,0,0,0,0,0.22957,0,0,0
0,0,0,0,0,0,0,0,0,0,0,0,0,0,0,0,0,0.22228,0,0,0,0,0,0,0,0,0.45914,0,0,0
0,0,0,0,0,0,0.21303,0,0,0,0,0.31865,0,0,0.65274,0,0,0,0,0,0,0,0,0,0,0,0,0,0,0
0,0,0,0,0,0,0.21303,0,0,0,0,0.15933,0,0,0,0,0,0.11114,0,0.14414,0,0,0,0,0,0,0.11479,0,0,0
0,0,0,0,0,0,0,0,0,0,0,0.47798,0,0,0,0,0,0,0,0,0,0,0,0,0,0.65261,0,0,0,0
0,0,0,0,0,0,0,0,0,0,0,0,0,0,0,0,0,0,0,0,0,0,0,0,0,0,0.34436,0,0,0.65673
0,0,0,0,0,0,0.25563,0,0,0,0,0.38238,0,0,0,0,0,0.13337,0,0,0,0,0,0,0,0,0,0,0,0
NaN,NaN,NaN,NaN,NaN,NaN,NaN,NaN,NaN,NaN,NaN,NaN,NaN,NaN,NaN,NaN,NaN,NaN,NaN,NaN,NaN,NaN,NaN,NaN,NaN,NaN,NaN,NaN,NaN,NaN
0.23768,0,0,0,0,0,0.2458,0,0,0,0,0.073535,0,0,0,0,0,0,0,0,0,0,0,0,0,0.1004,0.21191,0,0,0
0,0,0,0,0,0,0,0,0,0,0,0,0,0,0,0,0,0.33341,0,0,0,0,0,0,0,0,0,0,0,0.65673
0,0,0,0,0,0,0.10651,0,0,0,0,0,0,0,0,0,0,0.11114,0,0,0,0,0,0,0,0.43508,0.11479,0.24738,0,0
0,0,0,0,0,0,0,0,0,0,0,0.31865,0,0,0,0,0,0.22228,0,0,0,0,0,0,0,0,0.22957,0,0,0
0,0,0,0,0.2229,0,0,0,0,0,0,0.23899,0,0,0,0,0,0,0,0,0,0,0,0,0,0,0.34436,0,0,0
0,0,0,0,0.2229,0,0,0,0,0,0,0,0,0,0,0,0,0.16671,0,0,0,0,0,0,0,0,0.17218,0,0,0.32836
0,0,0,0,0,0,0,0,0,0,0,0.23899,0,0,0,0,0,0.16671,0,0.21621,0,0,0,0,0,0.32631,0,0,0,0
0,0,0,0,0,0,0,0,0,0,0,0.47798,0,0,0,0,0,0.33341,0,0,0,0,0,0,0,0,0,0,0,0
0,0,0,0,0,0,0,0,0,0,0,0,0,0,0,0,0,0.44455,0,0,0,0,0,0,0,0,0,0,0,0.43782
0,0,0,0,0,0,0,0.3442,0,0.29297,0,0,0,0,0,0,0,0.13337,0,0,0,0,0,0,0,0,0.13774,0,0,0.26269
0,0,0,0,0.17832,0,0,0,0,0,0,0,0,0,0.19582,0.20402,0,0,0,0.086486,0,0,0,0,0,0.26105,0,0,0,0.39404
0,0,0,0,0.1486,0,0,0,0,0,0,0,0,0,0,0,0,0.22228,0,0,0,0,0,0,0,0.21754,0,0,0,0.43782
0,0,0,0,0,0,0,0,0,0.18311,0,0.11949,0,0,0,0,0,0.041677,0,0,0,0,0,0.1195,0,0.16315,0.21522,0,0,0.24627
0.30898,0,0,0,0,0.44554,0.12782,0,0,0,0,0,0,0,0,0,0,0,0,0,0,0,0,0,0,0,0.13774,0,0,0.26269
0,0,0,0,0.1486,0,0,0,0,0,0,0.15933,0,0,0,0,0,0,0,0.28829,0,0,0,0,0,0.43508,0,0,0,0
0,0,0,0,0,0,0.21303,0,0,0,0,0.31865,0,0,0,0,0,0,0,0,0,0,0,0,0,0,0,0,0,0.43782
0,0,0,0,0,0,0.31954,0,0,0,0,0,0,0,0,0,0,0,0,0.43243,0,0,0,0,0,0,0,0,0,0
0,0,0,0,0,0,0.10651,0,0,0,0,0.15933,0,0,0,0,0,0.11114,0,0,0,0,0.27582,0,0,0,0,0,0,0.43782
NaN,NaN,NaN,NaN,NaN,NaN,NaN,NaN,NaN,NaN,NaN,NaN,NaN,NaN,NaN,NaN,NaN,NaN,NaN,NaN,NaN,NaN,NaN,NaN,NaN,NaN,NaN,NaN,NaN,NaN
0,0,0,0,0.2972,0,0,0,0,0,0,0,0,0,0,0,0,0,0,0.57657,0,0,0,0,0,0,0,0,0,0
0,0,0,0,0,0,0.18259,0,0,0,0,0.13657,0,0,0,0,0,0.095261,0,0.2471,0,0,0,0,0,0,0,0,0.39929,0
0.30898,0,0,0,0,0,0,0,0,0,0,0,0,0,0,0,0,0,0,0.34594,0,0,0,0,0,0,0,0,0,0.52538
0,0,0,0,0,0,0.25563,0,0,0,0,0,0,0,0,0,0,0,0,0.17297,0,0,0,0,0,0,0.13774,0,0,0.26269
0,0,0,0,0,0,0.47931,0,0,0,0,0,0,0,0,0,0,0,0,0.21621,0,0,0,0,0,0,0,0,0,0
0,0,0,0,0.05944,0,0.085211,0,0,0,0,0.06373,0,0,0,0,0,0.044455,0.12358,0,0,0,0.11033,0,0.12125,0.43508,0.091828,0,0,0
0,0,0,0,0,0,0.31954,0,0,0,0,0,0,0,0,0,0,0.16671,0,0,0,0,0,0,0,0,0,0,0,0.32836
0,0,0,0,0,0,0,0,0,0,0,0,0,0,0,0,0,0,0,0,0,0,0,0,0,0,0.68871,0,0,0
0,0,0,0,0,0,0,0,0,0,0,0,0,0,0,0,0,0,0,0,0,0,0,0,0,0,0.68871,0,0,0
0,0,0,0,0.35664,0,0,0,0,0,0,0,0,0,0,0,0,0,0.37073,0,0,0,0,0,0,0,0.27549,0,0,0
0,0,0,0,0,0,0.21303,0,0,0,0,0,0,0,0,0,0,0,0,0,0,0,0,0,0,0,0,0,0,0.87564
0,0,0,0,0,0,0,0,0,0,0,0.31865,0,0,0,0,0,0,0,0.57657,0,0,0,0,0,0,0,0,0,0
0,0,0,0,0,0,0,0,0,0,0,0.47798,0,0,0,0,0,0.33341,0,0,0,0,0,0,0,0,0,0,0,0
0.51497,0,0,0,0,0,0.21303,0,0,0,0,0,0,0,0,0,0,0,0,0,0,0,0,0,0,0,0.22957,0,0,0
0.19311,0,0,0,0,0,0.079885,0,0,0,0,0.11949,0,0,0.24478,0,0,0,0,0,0,0,0,0,0.22735,0,0.17218,0,0,0.16418
0,0,0,0,0,0,0,0,0,0.48829,0,0,0,0,0,0,0,0,0,0,0,0,0,0,0,0,0.22957,0,0,0.43782
0,0,0,0,0,0,0.15977,0,0,0.36621,0,0,0,0,0,0,0,0,0,0,0.45815,0,0,0,0,0,0.17218,0,0,0
0,0,0,0,0.12737,0,0.18259,0,0,0,0,0,0,0,0,0,0,0,0,0,0,0,0,0,0,0.18646,0.19678,0,0,0.18764
0,0,0,0,0,0,0,0,0,0,0,0,0,0,0,0,0.61086,0,0,0,0,0,0,0,0,0,0.45914,0,0,0
0,0,0,0,0.2972,0,0,0,0,0,0,0.31865,0,0,0,0,0,0,0,0,0,0,0,0,0,0,0.22957,0,0,0
0,0,0,0,0.2972,0,0.21303,0,0,0,0,0,0,0,0,0,0,0.22228,0,0,0,0,0,0,0,0,0,0,0,0
0.30898,0,0,0,0,0,0.063908,0,0,0,0,0,0,0,0,0,0,0.20005,0,0,0,0,0,0,0,0,0.13774,0,0,0.26269
0,0,0,0,0,0,0,0,0,0,0,0,0,0,0,0,0,0.66683,0,0,0,0,0,0,0,0,0,0,0,0
0,0,0,0,0,0,0.31954,0,0,0,0,0,0,0,0,0,0,0,0,0,0,0,0,0,0,0,0,0.74214,0,0
0,0,0,0,0,0,0,0,0,0,0,0,0,0,0,0,0,0,0,0,0,0,0,0,0,0,0.68871,0,0,0
0,0,0,0,0,0,0.31954,0,0,0,0,0,0,0,0,0,0,0.33341,0,0,0,0,0,0,0,0,0,0,0,0
0,0,0,0,0,0,0.31954,0,0,0,0,0,0,0,0,0,0,0,0,0,0,0,0,0,0,0,0.34436,0,0,0
0,0,0,0,0,0,0.42605,0,0,0,0,0,0,0,0,0,0,0.22228,0,0,0,0,0,0,0,0,0,0,0,0
0,0,0,0,0,0,0,0,0,0,0,0.23899,0,0,0,0,0,0.16671,0,0.21621,0,0,0,0,0,0,0.17218,0,0,0
0,0,0,0,0,0,0.21303,0,0,0,0,0.15933,0,0,0,0.34004,0,0,0.30894,0,0,0,0,0,0.30313,0,0,0,0,0
0,0,0,0,0.099066,0.49504,0,0,0,0,0,0,0,0,0,0,0,0.14818,0,0.096095,0,0,0,0,0,0,0.22957,0,0,0
0,0,0,0,0.4458,0,0,0,0,0,0,0,0,0,0,0,0,0,0,0,0,0,0,0.95602,0,0,0,0,0,0
0,0,0,0,0.4458,0,0.31954,0,0,0,0,0,0,0,0,0,0,0,0,0,0,0,0,0,0,0,0,0,0,0
0,0,0,0,0,0,0,0,0,0,0,0,0,0,0,0,0,0.13337,0,0.17297,0,0,0,0,0,0,0.41323,0,0,0
NaN,NaN,NaN,NaN,NaN,NaN,NaN,NaN,NaN,NaN,NaN,NaN,NaN,NaN,NaN,NaN,NaN,NaN,NaN,NaN,NaN,NaN,NaN,NaN,NaN,NaN,NaN,NaN,NaN,NaN
0,0,0,0,0.08916,0,0,0,0,0.29297,0,0.28679,0,0,0,0,0,0.066683,0,0.17297,0,0,0,0,0,0,0.068871,0,0,0
0,0,0,0.28683,0,0,0,0,0,0,0,0,0,0,0,0,0,0.11114,0,0,0,0,0,0.63735,0,0.43508,0,0,0,0
0,0,0,0.28683,0,0,0,0,0.37128,0.24414,0,0.15933,0,0,0,0,0,0.11114,0,0,0,0,0,0,0,0,0,0.24738,0,0
0,0,0,0,0,0,0.15977,0,0,0,0,0.35848,0,0,0,0,0,0.083354,0,0.10811,0,0,0,0,0,0,0.086089,0,0,0
0,0,0,0,0,0,0,0,0,0.36621,0,0,0,0,0,0,0,0.16671,0,0.21621,0,0,0,0,0,0,0,0.37107,0,0
0,0,0,0,0.17832,0,0,0,0,0,0,0.19119,0,0,0,0,0,0.13337,0,0,0.36652,0,0,0,0,0,0,0.29685,0,0
0,0,0,0,0.046926,0,0,0.27174,0,0.1542,0,0.050313,0,0,0,0,0,0.10529,0.29268,0.045519,0,0,0,0,0,0,0.14499,0,0,0.069129
0,0,0,0,0,0,0.63908,0,0,0,0,0,0,0,0,0,0,0,0,0,0,0,0,0,0,0,0,0,0,0
0,0,0,0,0,0,0,0,0,0,0,0,0,0,0,0,0,0,0,0,0,0,0,1.912,0,0,0,0,0,0
0,0,0,0,0.4458,0,0.31954,0,0,0,0,0,0,0,0,0,0,0,0,0,0,0,0,0,0,0,0,0,0,0
0,0,0,0,0.2229,0,0,0,0,0,0,0.47798,0,0,0,0,0,0,0,0.21621,0,0,0,0,0,0,0,0,0,0
0,0,0,0,0,0,0,0,0,0,0,0,0,0,0,0,0,0.66683,0,0,0,0,0,0,0,0,0,0,0,0
0,0,0,0,0,0,0,0,0,0,0,0,0,0,0,0,0,0,0,0,0,0,0,0,0,0,0.68871,0,0,0
0,0,0,0,0,0,0.42605,0,0,0,0,0,0,0,0,0,0,0,0,0.28829,0,0,0,0,0,0,0,0,0,0
0,0,0,0,0,0,0.21303,0,0,0,0,0,0,0,0,0,0,0,0,0,0,0,0,0,0,0.43508,0.22957,0,0,0
0,0,0,0,0.2972,0,0,0,0,0,0,0.31865,0,0,0,0,0,0,0,0,0,0,0,0,0,0,0.22957,0,0,0
0,0,0,0,0,0,0.21303,0,0,0,0,0,0,0,0,0,0,0,0,0,0,0,0,0,1.2125,0,0,0,0,0
0,0,0,0,0,0,0,0,0,0,0,0.6373,0,0,0,0,0,0,0,0,0,0,0,0,0,0,0.22957,0,0,0
0,0,0,0,0.099066,0,0,0,0,0.16276,0,0,0,0,0,0,0,0.074092,0,0.096095,0,0,0,0,0,0,0.15305,0,0,0.43782
0,0,0,0,0,0,0,0,0,0,0,0.71697,0,0,0,0,0,0,0,0,0,0,0,0,0,0,0.17218,0,0,0
0,0,0,0,0,0,0,0,0,0,0,0,0,0,0,0,0,0,0,0.28829,0,0,0,0,0,0,0.45914,0,0,0
0,0,0,0,0.8916,0,0,0,0,0,0,0,0,0,0,0,0,0,0,0,0,0,0,0,0,0,0,0,0,0
0,0,0,0,0,0,0.21303,0,0,0,0,0.31865,0,0,0,0,0,0,0,0.14414,0,0,0,0,0,0,0.11479,0,0,0
0,0,0,0,0,0,0,0,0,0,0,0.71697,0,0,0,0,0,0,0,0,0,0,0,0,0,0,0,0,0,0.32836
0,0,0,0,0,0,0,0,0,0,0,0,0,0,0,0,0,0,0,0,0,0,0,0,0,0,0,1.4843,0,0
0,0,0,0,0,0,0,0,0,0,0,0.47798,0,0,0,0,0,0,0,0.43243,0,0,0,0,0,0,0,0,0,0
0,0,0,0,0,0,0,0,0,0,0,0.23899,0,0,0,0,0,0.16671,0,0.21621,0,0,0,0,0,0.32631,0,0,0,0
0,0,0,0,0,0,0.18259,0,0,0,0,0.13657,0,0,0,0,0,0.095261,0,0.2471,0,0,0,0,0,0,0.098388,0,0,0
